-1.2895769 1.352275 10.029759

-0.13078327 1.304391 9.603592

0.16130935 1.4671967 9.330653

0.45819035 1.3857939 9.36896

0.041599255 1.1224316 9.435998

0.18525136 0.9165303 9.7185135

0.45340195 1.0889128 9.589227

0.31453824 1.0889128 9.603592

0.6928221 0.8830115 9.713725

-0.77721775 0.983568 9.100809

-4.4068274 3.2341175 7.037008

-11.259033 8.046463 7.5350018

-17.857452 15.707909 1.5973815

-21.319468 8.606707 2.042703

-21.28116 -1.3531729 4.0681977

-19.088072 -11.566837 13.309816

-12.719496 -26.233717 19.702335

4.571429 -15.809362 18.208353

5.179556 -6.3331122 13.917943

2.129343 -3.527108 11.020959

-1.9743186 -2.5981576 10.834211

-1.9120693 2.9516017 7.9084973

-3.2863412 2.3195326 8.387338

-3.6694133 2.4583962 8.79914

-3.2193034 2.5924716 8.535778

-3.3294368 2.9994857 8.727314

-3.6023757 2.7361236 9.225308

-4.105158 2.348263 9.124752

-3.9806595 2.2237644 9.3115

-3.8322191 2.3865702 8.899696

-3.7843351 1.7401357 8.909273

-3.8370075 1.5438112 8.789563

-3.6837785 1.826327 8.689007

-3.5353382 2.0226514 8.574085

-3.6023757 2.8318918 8.674642

-3.4299932 2.9276597 8.574085

-3.841796 1.9987096 8.961946

-3.6933553 1.9604023 8.636334

-3.3581672 2.1184196 8.3011465

-3.1235354 2.0657473 8.497471

-2.8505964 1.7592894 8.995464

-3.5544918 1.6060604 8.789563

-3.3485904 2.2333412 8.732102

-3.1043818 2.3769934 8.631546

-3.1522658 2.4009354 8.894908

-3.118747 2.3147442 8.981099

-3.6023757 1.3953707 9.407268

-2.941576 2.324321 9.254039

