-2.6255414 2.870199 10.001029

-2.06051 -0.17522563 9.546131

-1.8881273 -0.17522563 9.445575

-1.7588404 -0.17043723 9.153482

-1.825878 -0.17522563 9.421633

-2.017414 -0.15607202 9.48867

-2.06051 -0.17522563 9.45994

-1.9838954 -0.2805705 9.479094

-1.9695302 -0.23268647 9.402479

-1.8354548 -0.41464582 9.153482

-1.9743186 -0.5343559 9.143906

-1.9312229 -0.7354688 8.598027

-1.8498201 -0.91263974 7.8175173

-4.2631755 1.2469301 3.6468182

-7.4857707 6.672191 6.3139586

-12.092215 9.406369 9.752032

-10.3731785 12.537986 15.387983

-12.255021 5.455937 26.46835

-13.318047 -1.1233295 29.499409

-10.914268 -5.9548287 30.974236

-8.429087 -9.756821 26.578482

-4.435558 -15.967381 14.818163

-3.520973 -18.830845 5.9787707

-1.8593969 -18.409466 -2.6403556

-2.2472575 -13.80781 -7.773524

-7.9789762 -5.969194 -7.93633

-8.26628 -2.1624131 -6.7248635

-9.104251 1.4145243 -2.8654106

-13.701118 3.8853405 1.0993875

-15.357906 8.908376 6.0601735

-16.109686 8.740782 6.8933554

-16.90456 10.186879 11.269957

-15.401002 10.263494 13.803021

-8.816947 -11.5572605 23.901764

-8.716391 -7.8845553 24.72537

-3.0325558 -8.765621 23.561789

-1.1650784 -8.20059 19.501223

-1.9168577 -1.8368016 10.489447

-3.4826655 -2.330007 9.373749

-4.315848 -1.8368016 8.598027

-5.1203 -1.1807903 7.477541

-5.647024 0.27488428 7.6738653

-5.647024 0.9165303 7.5350018

-5.8816557 1.0745476 7.77921

-5.7954645 0.8590695 7.693019

-5.398027 0.19348143 7.965958

-5.081992 0.4185364 7.9324393

-5.182549 0.13123219 7.8414593

-4.8808794 0.09771336 7.942016

-5.101146 -0.18480244 8.262839

-4.9910126 -0.23747487 8.3729725

-5.1203 -0.065092355 8.10961

-5.172972 -0.15607202 8.454375

-5.216068 -0.38112697 8.55972

-4.923975 -0.031573534 8.2772045

-4.7037086 -0.46731824 8.3729725

-5.0388966 -0.14649522 7.860613

-5.2352214 0.05940613 8.258051

