3.4509425 2.7073932 8.104821

3.5802293 3.1479263 8.463952

3.6376903 3.1144075 8.449587

3.680786 3.3873465 8.550143

3.7574003 3.5118449 8.191013

3.575441 3.6363435 8.114398

3.4605193 3.6698623 8.128764

3.704728 3.7656302 8.224532

3.5562873 3.535787 8.444798

3.6616323 3.6124015 8.281993

3.6041713 3.6650739 8.483106

3.6424787 3.6890159 8.473529

3.4892497 3.8230913 8.736891

3.6185367 3.7991493 8.722526

3.51798 4.019416 9.076867

3.5945945 4.0768766 9.110387

3.6281135 3.5788827 8.607604

3.6089597 3.0425816 7.9563813

3.896264 2.621202 7.860613

3.7526119 2.7265468 7.5780973

4.221875 2.822315 7.683442

4.3655276 3.4112885 7.5541553

4.097377 3.0234277 7.8462477

4.2793365 3.2724247 8.262839

3.8627453 4.0289927 8.46874

3.8340147 3.784784 8.392126

4.0063972 3.928436 7.8893437

4.0351276 3.277213 7.764845

1.8707694 0.6100725 6.199037

-1.8689737 -7.851036 -4.4791026

-8.912715 -6.553379 -21.468357

-9.1712885 -13.554025 -26.58716

-13.246221 -3.6276646 3.7473745

-20.649092 -5.308394 29.676579

-20.213346 -8.214955 45.636326

-14.62528 -4.1591773 42.973976

-4.521749 1.6778865 25.132383

-5.019743 -0.31887773 19.486856

-4.9431286 -1.1712135 13.319393

-4.6175175 -1.1472715 9.36896

-4.464288 -1.5111902 6.8694134

-4.6414595 -0.6157588 6.433669

-5.1873374 -0.66843116 6.96997

-4.162619 -2.018761 8.071302

-3.6023757 -2.1576247 8.128764

-4.2057147 -1.8846856 8.430433

-4.330213 -1.6261119 8.329877

-4.0907927 -2.219874 8.3969145

-3.9327755 -1.2143092 8.631546

-3.8705263 -1.913416 9.072079

-3.726874 -1.7984943 8.70816

-3.2480338 -1.4441526 8.775198

-3.7843351 -1.3005004 8.167071

-3.9184103 -1.3005004 9.134329

