0.46776715 -9.258827 3.3116298

0.7933786 -9.474305 3.905392

0.60184246 -9.325865 3.7234325

0.3528455 -9.321076 3.8862383

0.29538465 -9.148694 3.7569513

0.30974984 -8.823082 3.833566

0.3576339 -8.794352 3.88145

0.4103063 -8.933215 4.072986

0.26665422 -8.995464 3.8479311

0.46776715 -8.933215 3.991583

0.29538465 -8.808717 3.977218

0.15173253 -9.062502 4.1352353

0.43903673 -8.832659 3.8622963

0.5300164 -8.665065 3.9963715

0.5539584 -8.866178 4.1256585

0.3863643 -8.990676 4.1831193

0.33369187 -8.851812 4.264522

0.47255555 -8.665065 4.2070613

0.44382513 -8.727314 4.1496005

0.5587468 -8.598027 4.336348

0.43424833 -8.641123 4.2549453

0.4007295 -8.938004 4.432116

0.3672107 -8.870966 4.475212

0.4103063 -8.957157 4.580557

0.46776715 -8.832659 4.5135193

0.12779051 -8.339454 4.9444757

0.30017304 -7.918074 5.0258784

0.29059622 -7.9851117 4.93011

0.19961657 -8.416068 5.5956984

-0.12120646 -8.281993 5.284452

-0.1738789 -8.085668 5.437681

-0.44202948 -7.5780973 5.3419127

0.19961657 -7.501483 5.677101

-0.26964697 -7.6786537 5.222203

-0.80115974 -8.133553 4.8774376

-1.1938088 -8.3250885 4.915745

-0.5330092 -8.789563 4.949264

-0.9496002 -10.613945 5.8590603

-0.58089316 -10.130317 5.5956984

-0.8681974 -10.934768 5.83033

-0.6096236 -11.76795 5.8159647

-0.69102645 -11.404032 5.662736

-0.37499183 -11.064055 5.1838956

-0.5234324 -10.532542 5.174319

-0.102052845 -10.3074875 4.408174

-0.082899235 -9.517401 4.0873513

0.85083944 -8.870966 3.5893574

0.48213238 -9.134329 4.058621

0.85083944 -9.110387 3.7473745

0.9944915 -8.760833 4.5853453

1.4733319 -8.789563 4.7337856

1.2961609 -9.105598 4.934899

1.6313492 -8.674642 4.6475945

1.9713259 -8.789563 4.867861

2.0383635 -7.444022 4.0634093

1.9856911 -7.6595 4.3985972

2.9625254 -9.096021 5.2174144

3.51798 -7.0082774 4.5614033

3.766977 -7.2476974 5.02109

3.671209 -6.515072 4.523096

3.7574003 -6.28044 4.321983

4.054281 -5.9500403 3.9867947

3.680786 -5.356278 3.8192005

3.5850177 -4.475212 3.5845687

3.96809 -4.1974845 4.082563

3.8675337 -4.1256585 4.796035

3.7621887 -3.5797803 4.5183077

3.9537249 -4.1256585 5.5478144

3.3695395 -3.5845687 4.580557

2.4932618 -4.4369044 6.352266

3.1684268 -3.8527195 4.2693105

2.9385834 -5.892579 7.1184106

2.3735516 -4.5135193 5.3658547

2.7853544 -5.782446 9.493459

1.3584102 -3.9101803 3.5989342

1.5068507 -7.5206366 6.7018194

1.2865841 -6.1176343 5.456835

1.142932 -7.9803233 6.0505967

-0.8442554 -5.250933 3.9820063

1.6265608 -8.176648 5.9260983

-0.06374562 -7.06095 5.686678

1.272219 -10.973075 6.5438023

-1.801936 -7.2955813 4.484789

-0.7389105 -10.230873 5.3419127

-0.27922377 -10.374525 5.6579475

-1.8210896 -10.317064 4.010737

-3.1379006 -8.823082 4.24058

-3.1283238 -9.282769 5.030667

-2.8075008 -8.751256 5.1695304

-3.3246484 -9.641899 6.0218663

-4.555268 -8.363396 6.366631

-4.5265374 -8.554932 6.778434

-4.2392335 -8.497471 6.6922426

-3.9088335 -8.315512 6.5677443

-4.0381203 -7.5302134 6.419304

-4.1434655 -8.636334 5.8877907

-3.8130655 -9.546131 6.007501

-3.214515 -8.621969 6.2660747

-3.1331122 -8.550143 6.2995934

-3.046921 -8.502259 6.2900167

-2.8314428 -7.415292 6.0745387

-2.9367876 -6.931663 6.2612863

-3.6119525 -6.5821095 6.5677443

-3.3868976 -7.099257 6.49113

-3.8274307 -6.40015 6.6683006

-3.7795467 -6.5198603 6.687454

-4.0620623 -5.9787707 6.529437

-3.5544918 -6.0841155 6.433669

-3.497031 -6.2373443 6.744915

-3.4299932 -5.6340055 5.9069443

-3.7316625 -6.443246 6.682666

-3.7891235 -5.9739823 6.6778774

-3.544915 -6.0218663 7.0801034

-3.5736454 -6.04102 7.113622

-3.5640686 -6.16073 6.946028

-3.7747583 -5.9787707 6.855048

-3.5736454 -6.0458083 6.831106

-3.841796 -5.993136 6.6204166

-3.3246484 -5.701043 7.06095

-3.6023757 -5.8159647 6.855048

-3.8274307 -5.653159 6.515072

-3.688567 -5.9739823 6.682666

-3.6837785 -5.3514895 6.5725327

-3.6837785 -5.6818895 7.013066

-3.7747583 -5.7537155 7.171083

-3.76997 -5.116858 7.2860045

-3.592799 -5.1408 7.3003697

-3.712509 -4.958841 7.161506

-3.7077205 -4.867861 7.242909

-3.9423523 -4.7673044 7.405715

-3.9184103 -4.9253216 7.1998134

-4.00939 -4.915745 7.2285438

-3.88968 -4.8391304 7.4009266

-3.726874 -5.011513 7.5541553

-3.76997 -4.652383 7.3243117

-3.8465843 -4.6954784 7.5110598

-3.8322191 -4.834342 7.693019

-3.8705263 -4.700267 7.4727526

-3.88968 -4.9013796 7.525425

-3.726874 -4.8056116 7.731326

-3.8992567 -4.6859016 7.42008

-3.8513727 -4.628441 7.5924625

-3.8848915 -4.6811132 7.573309

-3.856161 -4.4033856 7.415292

-3.8226423 -4.4033856 7.5541553

-3.8034887 -4.3076177 7.415292

-3.7843351 -3.953276 8.143129

