-0.3031658 -1.0275614 9.234885

-0.26964697 -1.223886 9.119964

-0.11162966 -0.98925424 9.110387

-0.26007015 -1.6596307 9.910049

0.32890347 -0.8456021 11.044901

0.9083003 0.0163105 12.222849

2.330456 2.242918 15.124621

3.7717655 5.053711 33.421112

-1.1171944 2.1902456 36.207962

-4.6989202 -8.621969 30.452301

-9.487324 -11.935544 14.846893

-6.52809 -7.0944686 -0.97877955

-4.7132854 -5.298817 -4.99625

-2.2951417 0.94526076 -6.6147304

-0.69581485 -0.65885437 -5.613954

3.7095163 2.5781064 -2.6164136

4.9736547 3.0761003 -1.3714286

5.2178636 4.1247606 0.5678747

6.0175266 3.9188592 2.420987

5.67755 4.895694 6.754492

6.00795 3.8374565 7.3003697

5.2657475 3.205387 8.248474

5.4477067 2.9707553 8.435222

5.10773 3.0521584 8.406491

4.724658 3.5118449 8.176648

5.122095 3.478326 7.827094

4.5426984 3.9332244 7.8175173

4.7438116 3.4112885 7.942016

4.3894696 3.1575031 7.444022

4.571429 4.3402386 7.6882305

4.332009 4.3977 7.683442

4.5091796 4.7807717 7.803152

4.523545 3.9092824 7.7600565

4.427777 3.8374565 7.965958

4.772542 4.210952 7.3817725

4.451719 2.9516017 8.009053

4.954501 2.7265468 8.100033

5.1173067 3.8135145 7.6786537

4.6432548 3.751265 8.071302

4.6384664 3.4448073 8.128764

4.5187564 3.1958103 8.20059

4.308067 4.0146275 8.104821

4.3272204 3.545364 8.056937

4.624101 3.2820017 8.032995

4.102165 3.0330045 8.004265

