-0.317531 0.49036244 9.507824

-0.07811083 0.32755673 9.479094

-0.13078327 0.44726682 9.474305

-0.15951368 0.36107555 9.45994

-0.068534024 -0.026785132 9.225308

-0.3127426 -0.29493573 8.961946

-0.26964697 -0.19916765 8.981099

-0.082899235 -0.21353287 9.60838

0.14694414 0.07377134 10.087221

0.9801263 2.5206454 13.865271

1.0758944 1.8837879 16.709583

0.00808043 4.2301054 17.873165

-1.0836755 2.9994857 18.452562

-1.0788871 0.8111855 15.440656

-1.9024925 -0.32845455 15.0097

-0.42287588 -2.2390275 12.514941

-0.65271926 1.4528315 10.59958

-0.102052845 -0.41464582 7.683442

-0.9687539 1.1751041 5.509507

-1.7013795 -1.8703204 5.677101

1.7654245 0.52866966 3.800047

2.129343 0.8830115 3.4696472

1.2913725 2.0657473 3.55105

2.603395 2.0609589 4.250157

3.029563 3.3538277 4.5757685

3.589806 4.5126214 6.294805

3.350386 5.0393457 6.2612863

3.316867 4.9627314 7.353042

3.565864 5.101595 7.53979

3.7813423 4.4312186 7.7744217

3.6185367 5.494244 7.1662946

3.814861 5.0249805 7.621193

3.9106293 4.900482 7.4727526

3.7717655 5.020192 7.39135

3.4748845 4.8142905 7.8414593

3.743035 4.09603 7.77921

3.8627453 4.541352 7.7025957

3.8531682 4.7759833 7.6020393

3.8866873 4.8047137 7.573309

3.6759975 4.5030446 7.8845553

3.838803 4.3929114 7.5924625

3.575441 4.345027 7.233332

3.4222121 4.8717513 8.147918

