-5.24001 4.9675198 6.2181907

-5.3357778 4.9914618 6.515072

-5.340566 5.0489225 6.2900167

-5.196914 4.934001 6.2612863

-5.263952 4.9387894 6.256498

-5.311836 4.910059 6.294805

-5.1059346 4.7185225 6.6778774

-5.172972 4.402488 7.3003697

-4.3445783 4.5509286 9.589227

-4.0860043 3.85661 10.613945

-3.8753147 4.119972 10.326641

-5.0724154 3.7129579 10.9682865

-5.6661777 5.6570497 10.072855

-5.5033717 6.174197 9.526978

-5.7715225 6.126313 8.957157

-5.8098297 6.183774 8.904485

-6.264728 7.581988 7.587674

-6.336554 7.6155066 6.9747586

-5.790676 8.688109 4.580557

-5.2831054 10.488548 4.867861

-5.081992 9.813384 4.250157

-4.210503 9.143007 3.8048353

-4.6510363 8.185327 3.6516066

-4.0668507 7.1653967 2.4640825

-2.395698 7.0552635 1.199944

-1.3230957 6.538116 0.6061819

-0.5090671 6.7392287 0.44816464

-0.06374562 6.547693 0.20874447

0.84126264 7.2084923 0.5774515

1.2339118 7.452701 0.5152023

0.6497265 7.107936 0.9605238

1.2770073 6.801478 1.2765584

1.1046249 6.427983 2.5215433

0.83647424 5.80549 2.7130795

1.5403695 6.2747536 3.3882444

0.8125322 5.283554 4.3411365

1.5068507 4.8047137 5.6675243

1.5068507 4.1103954 6.0218663

1.0088568 4.273201 6.5677443

1.1812392 2.9372365 6.9603934

0.3911527 3.4112885 7.6499233

-0.7245453 2.3913586 8.425645

-0.4516063 5.1542673 10.192566

-1.4140754 3.7321115 9.895684

-1.4954783 3.607613 12.969839

-4.315848 4.0768766 13.573178

-3.746028 2.740912 13.83654

-5.9055977 3.569306 13.4678335

-7.806594 5.259612 12.649016

-7.141006 5.9874496 11.667394

-7.615058 6.8733044 10.494235

-6.2455745 5.5325513 8.923638

-4.7276506 5.9108353 6.711396

-4.9431286 5.1351137 6.931663

-4.7372274 3.6411319 6.7880106

-4.138677 4.177433 6.6060514

-4.7037086 3.2580595 7.6547117

-4.6031523 3.4448073 7.39135

-4.67019 3.631555 7.6786537

-4.2057147 3.440019 7.53979

-4.555268 3.607613 7.9324393

-4.583998 3.4448073 7.918074

-4.521749 3.6746507 7.9468045

-4.6654015 3.7752073 7.9803233

-4.746804 3.8183029 7.549367

-4.435558 3.7225347 7.2476974

-7.8879967 6.1311016 6.5821095

