-0.9496002 -8.554932 4.824765

-1.0693103 -8.89012 4.6140757

-1.2033856 -8.3203 4.393809

-1.1267712 -8.238897 4.422539

-1.0645219 -8.58845 4.432116

-1.1507132 -8.502259 4.4943657

-1.1267712 -8.358607 4.475212

-0.9496002 -8.310723 4.422539

-0.6000468 -9.134329 3.3451488

-0.116418056 -10.364948 2.5598505

0.13257892 -10.949133 1.8798972

0.8268974 -11.76795 1.7123032

1.7797897 -13.841329 1.5542858

-0.044592008 -14.573955 2.186355

-0.24091655 -14.631415 3.4265516

-2.2089503 -14.46861 4.9923596

-1.1219828 -12.912378 8.756044

-1.0453683 -10.700136 9.474305

-0.9448118 -9.450363 9.301923

-1.7061679 -8.689007 8.842236

-1.3039421 -6.376208 5.1455884

-0.20260932 -5.8494835 4.5422497

0.34326866 -5.116858 4.226215

1.0280104 -4.4273276 4.9253216

2.2682068 -5.059397 5.3275476

2.3352444 -4.3267713 4.872649

3.0487165 -3.7330093 4.5183077

3.3791165 -3.407398 4.594922

3.8292263 -3.6611834 4.321983

4.844368 -3.4983776 4.7912464

3.6616323 -3.5175312 4.1496005

3.743035 -3.9724295 4.7912464

1.7989433 -3.3212066 2.9764416

2.6464908 -3.5893574 2.2246623

1.3153145 -2.5023897 1.4297873

2.0192099 -2.397045 1.8846856

-0.36541504 -4.025102 1.448941

1.4350246 -7.0322194 1.4154221

-0.10684125 -8.82787 1.5303438

-1.0932523 -10.824635 1.0993875

-1.6104 -13.984981 0.35718498

0.4103063 -15.5220585 1.3675381

-0.911293 -14.70803 2.6412535

-1.9168577 -14.770279 3.4744356

-3.2288802 -14.291439 4.6140757

-2.0126257 -15.167717 4.8056116

-2.4962544 -13.510929 7.156718

-3.3246484 -11.226861 7.6978073

-4.7372274 -9.761609 10.044125

-5.230433 -8.009053 10.005817

-4.4786534 -7.2524858 8.162283

-3.951929 -6.9029326 7.3003697

-2.4052749 -6.0984807 6.1319995

-1.9551649 -6.5438023 6.304382

-1.8450317 -6.270863 5.9404635

-1.5960348 -6.989124 5.485565

-1.801936 -7.42008 5.6340055

-1.5433623 -7.6164045 5.495142

-1.2512697 -7.6978073 5.3658547

-1.0070611 -7.7265377 5.748927

-1.1028291 -7.7456913 5.92131

-1.2943653 -7.7504797 5.9165215

-1.1698668 -7.6020393 5.806388

-1.3422493 -7.918074 5.878214

-1.7061679 -7.8223057 6.199037

-1.552939 -7.4583874 6.04102

-1.6008232 -7.5350018 5.868637

-1.5816694 -7.5541553 6.0218663

-1.5050551 -7.621193 6.1319995

-1.6247652 -7.7121725 6.28044

-1.682226 -7.8175173 6.4240923

-1.5242087 -7.037008 6.467188

-1.5864578 -6.931663 6.376208

-1.8546085 -6.342689 6.467188

-1.7684172 -6.481553 6.562956

-1.8737621 -6.754492 6.888567

-1.4715363 -6.2852283 6.5725327

-1.3518262 -6.064962 6.4528227

