5.5769935 -3.8670847 6.989124

5.629666 -4.096928 6.5007067

5.8259907 -3.8431427 6.663512

5.7637415 -4.0538325 6.826318

5.6583962 -4.192696 6.634782

5.8355675 -4.24058 6.783222

5.758953 -4.130447 6.5964746

5.5051675 -4.049044 6.539014

5.5674167 -3.752163 6.3139586

5.1125183 -3.383456 6.2373443

4.571429 -3.5702035 5.7201967

4.274548 -3.206285 5.2652984

5.8116255 -2.9477112 4.6236525

4.8970404 -3.2589574 4.724209

5.2274404 -3.7617397 5.6196404

4.8012724 -3.5414732 5.2796636

4.978443 -3.5558383 5.9404635

4.6528316 -3.929334 6.0936923

4.490026 -4.4273276 5.59091

5.2082863 -4.1735425 5.394585

3.8531682 -4.45127 6.055385

3.565864 -5.0019364 6.7497034

1.8228853 -5.4089503 6.682666

2.3208792 -6.481553 6.802376

2.4262242 -7.1902366 6.112846

1.7414825 -6.979547 6.61084

1.7797897 -7.1998134 5.8111763

1.2291234 -7.3578305 6.409727

0.9849147 -8.583662 6.553379

-0.65750766 -9.589227 8.55972

-0.79637134 -10.546907 8.693795

-1.0453683 -10.206931 9.555708

-0.56652796 -9.866954 9.062502

-0.39893386 -9.6466875 8.775198

-0.638354 -9.5988035 7.9899

-0.69102645 -9.469517 7.7025957

-0.839467 -8.358607 6.61084

-1.0310031 -8.100033 6.601263

-1.2656349 -8.009053 6.0027127

-1.4140754 -7.9468045 5.9644055

-1.4140754 -7.6164045 5.8159647

-1.2656349 -7.5780973 5.7776575

-1.2656349 -6.16073 4.5374613

-0.90171623 -7.132776 5.045032

-0.90171623 -7.9899 5.1455884

-0.935235 -7.8701897 5.1838956

-0.935235 -8.013842 5.447258

-1.1219828 -8.061726 5.686678

-1.0166379 -7.9803233 5.6723127

-1.1076176 -7.8654013 5.7441387

-1.1076176 -7.8654013 5.2940288

-1.4236522 -8.066514 5.677101

-1.2560581 -8.272416 5.7154083

