1.1046249 -7.8175173 5.7154083

0.9322423 -7.6259813 5.772869

0.73591775 -7.9611697 5.6100636

0.85562783 -7.7935753 5.653159

0.9897031 -7.8845553 5.8351183

0.8939351 -7.77921 5.8494835

0.8939351 -7.827094 5.7680807

0.6784569 -7.6978073 5.772869

0.6449381 -7.5062714 6.064962

0.29538465 -7.3865614 6.5007067

-0.21697453 -6.7880106 6.5102835

0.4055179 -6.342689 6.87899

0.22355859 -6.40015 7.113622

0.85562783 -7.405715 7.051373

0.17567454 -7.113622 6.2373443

0.60184246 -7.9946885 6.2756515

0.065541275 -7.927651 5.504719

0.5587468 -8.128764 5.7872343

0.74549454 -7.9707465 5.868637

0.46776715 -7.803152 5.5382376

0.5348048 -7.8701897 5.5142956

0.3624223 -7.4488106 5.5717564

0.3672107 -8.013842 5.5478144

0.45819035 -7.8223057 5.504719

0.2379238 -8.013842 5.7872343

0.59705406 -7.9707465 5.7058315

0.065541275 -8.01863 5.7537155

0.13736732 -7.9372277 6.0505967

0.37678748 -7.755268 6.0841155

0.07511808 -7.9132857 6.357054

0.20440497 -7.77921 6.2421327

0.05117606 -7.764845 6.3714194

-0.12599486 -7.3482537 6.2373443

-0.317531 -7.405715 6.7975874

-0.35583824 -7.132776 6.6299934

-0.13078327 -7.18066 6.2612863

0.13257892 -7.3291 6.294805

-0.20260932 -7.123199 6.357054

-0.06374562 -7.2955813 6.222979

-0.1690905 -7.20939 6.2900167

-0.09247604 -7.290793 6.49113

0.12779051 -7.2860045 6.4240923

-0.25528175 -7.123199 6.7257614

-0.3031658 -7.20939 6.6922426

-0.19303252 -7.429657 6.754492

-0.09247604 -7.4344454 6.3331122

-0.33189622 -7.4823294 5.9308867

0.28580782 -7.903709 5.8351183

0.8029554 -7.7839985 5.447258

0.7023989 -8.296358 5.7776575

1.0519524 -8.090456 5.480777

0.9753379 -8.243686 5.4903536

1.1381437 -8.353819 5.796811

1.071106 -7.7456913 5.844695

1.1142017 -7.7361145 6.433669

1.0040684 -7.2237554 6.112846

0.9561843 -6.8358946 6.4528227

0.42467153 -6.5821095 6.61084

0.6688801 -6.706608 7.2716393

0.74070615 -6.1559415 6.8598366

0.9705495 -6.28044 7.5541553

0.76464814 -6.0362315 7.7025957

0.9083003 -6.017078 7.3003697

0.6545149 -6.2517095 7.1902366

1.2099696 -6.7640686 7.5541553

0.9466075 -5.5621796 6.8981442

1.2291234 -6.0601735 7.257274

1.1477205 -5.5621796 7.3817725

1.5786767 -6.96997 7.20939

1.1764508 -6.4480343 7.376984

1.7654245 -6.634782 7.9851117

1.391929 -6.352266 7.716961

1.4302362 -6.9125094 7.5685205

0.8939351 -6.2900167 7.415292

1.0998363 -6.1559415 7.5062714

1.023222 -6.3331122 7.453599

0.9226655 -6.304382 7.5110598

0.85562783 -5.9117327 7.573309

0.9178771 -5.758504 7.338677

