-0.8490438 -9.239674 3.656395

-1.682226 -8.942792 3.2398038

-1.6774375 -8.626758 3.3212066

-1.9599533 -9.0098295 3.9436991

-1.7732056 -8.727314 3.6037226

-1.8881273 -9.187001 3.7904701

-1.6439188 -9.292346 3.8048353

-1.576881 -9.277981 4.2693105

-1.385345 -9.737667 5.4424696

-0.4611831 -10.800693 6.4240923

-0.14036007 -12.026524 6.778434

-0.5234324 -12.342559 6.0027127

-0.5234324 -13.199683 4.9875712

0.09427169 -12.332982 3.8048353

0.15173253 -12.543672 3.8718731

0.05117606 -12.045678 3.8766615

0.8987235 -11.878083 4.484789

0.19961657 -10.690559 3.2014966

0.19961657 -10.302699 2.9189808

0.74070615 -8.875754 3.0674212

1.2291234 -7.9468045 3.2158618

1.7462709 -5.662736 2.9908068

1.9856911 -5.3658547 3.7713165

1.9856911 -4.4560585 3.4217632

2.4549546 -4.082563 3.4409168

3.0918121 -3.43134 3.991583

3.1540616 -3.43134 4.096928

4.0303392 -3.5845687 4.9684176

3.479673 -3.4457052 4.4704237

4.0063972 -4.547038 6.49113

4.65762 -3.752163 4.776881

4.4134116 -4.772093 6.1894603

3.8866873 -4.025102 5.6962547

4.432565 -4.3650784 6.7257614

4.432565 -4.3650784 7.075315

5.260959 -5.5861216 7.9899

4.4373536 -5.5956984 7.7361145

4.758177 -4.4800005 7.693019

4.8252144 -4.9875712 6.802376

4.394258 -5.5717564 7.233332

4.427777 -5.566968 7.3099465

4.796484 -5.0881276 6.94124

4.681562 -5.3754315 6.9268746

4.820426 -5.274875 7.1998134

4.6145244 -5.0498204 7.108834

5.083788 -5.404162 6.888567

5.131672 -5.4999304 6.5677443

4.7150807 -5.3754315 6.9268746

5.0215387 -5.174319 6.993912

4.6288896 -5.1120696 7.065738

5.237017 -4.9444757 6.2900167

5.193921 -5.5956984 6.5677443

5.179556 -5.174319 6.3474774

4.9736547 -4.93011 6.73055

5.711069 -4.523096 6.682666

4.571429 -4.920533 6.831106

