3.0247746 9.827749 -1.12722

3.455731 8.961048 -1.0218753

3.5706525 8.980202 -1.0458173

3.3216555 9.1047 -1.2038345

3.3360207 9.1047 -1.3331214

3.4126353 9.358485 -1.4911387

3.2210991 9.272294 -1.5677532

3.0870237 9.147796 -1.2996026

2.933795 8.999355 -1.4193127

3.0439281 8.870069 -1.4384663

3.27856 9.147796 -1.7114053

3.2737715 9.420734 -1.5150808

3.302502 9.7655 -1.4480431

2.957737 10.062381 -1.1320084

3.029563 9.909152 -1.079336

3.1109657 9.712828 -1.4145243

3.1301196 9.277082 -1.1655273

3.1205425 8.611495 -1.1176432

2.8476036 8.558823 -1.2134113

3.0966005 8.707263 -1.5821184

3.0822353 8.563611 -1.4959271

3.0439281 7.6633906 -1.2852374

2.9002762 6.6769795 -1.4384663

2.636914 6.303484 -1.2756606

2.8906994 6.9451303 -0.6052841

1.8707694 7.1414547 -0.0163105

2.1580737 6.4710784 0.5247791

1.6744448 7.5436807 1.223886

1.68881 7.2132807 1.1424831

1.0280104 7.380875 3.134459

0.5348048 6.293907 2.9046156

0.3959411 6.3226376 4.096928

-1.0310031 7.2467995 3.6899137

-1.8881273 8.003367 3.823989

-3.094805 10.809372 4.4273276

-3.2432454 10.340108 3.8048353

-3.927987 10.991331 4.7098436

-6.0875573 9.631425 5.552603

-6.906374 9.971401 4.8151884

-6.5089364 11.091887 3.7569513

-6.7579336 10.474183 3.9101803

-6.944681 10.507702 1.4441526

-6.0253077 9.526079 2.1097405

-6.0779805 8.539668 1.6500539

-7.782652 8.29546 2.804059

-7.299023 8.386439 3.5127428

-6.690896 7.2611647 3.6037226

-6.552032 6.217293 3.8766615

-6.772299 5.9347773 4.12087

-5.991789 6.0688524 3.680337

-6.2599397 6.01618 3.6132994

-6.298247 6.1071596 3.230227

-6.2695165 6.246023 3.4983776

-6.2120557 6.2508116 3.0722096

-6.2072673 6.088006 3.158401

-6.441899 6.073641 3.1440358

-6.7196264 6.054487 3.5223196

-7.054815 6.030545 3.7377977

-7.078757 6.2747536 3.5079544

-6.6238585 6.6147304 3.574992

-6.753145 6.3896756 3.6037226

-5.910386 6.940342 3.6899137

