0.6688801 3.2005987 9.330653

2.7039516 1.3426982 9.0816555

0.6928221 1.4336779 9.517401

-0.0350152 1.3714286 9.373749

0.19003975 1.304391 9.570073

-0.1643021 0.8830115 9.421633

-0.21218613 1.5007155 9.349807

-0.07332243 1.4767735 9.412056

-0.058957215 1.4671967 9.483882

-0.21697453 1.3474866 9.704148

-0.22176293 1.136797 9.6466875

-0.341473 1.2852374 9.713725

-0.07811083 1.160739 9.493459

-0.42766428 1.0745476 9.881319

-0.65750766 1.1463737 9.780763

-0.66708446 1.3474866 9.804705

-0.64793086 1.3857939 9.55092

0.017657237 0.8303391 9.48867

-0.015861586 0.8686463 9.507824

-0.044592008 0.93568397 9.60838

-0.4659715 0.782455 9.799916

-0.7293337 1.3857939 9.747244

-0.5186439 1.6491561 9.828647

-0.5377976 1.6874633 9.7185135

-0.6000468 1.9077299 9.589227

-0.56652796 1.4288895 9.546131

-0.78679454 1.2852374 9.641899

-0.614412 1.1415854 9.637111

-0.5856816 1.3379098 9.60838

-0.0350152 1.2708722 9.6466875

-0.13557167 0.7872434 9.464728

-0.44202948 0.95962596 9.627534

-0.56173956 1.3235446 9.589227

-0.48512512 1.6156372 9.512612

-0.4468179 1.5964836 9.752032

-0.57610476 1.5916952 9.531766

-0.21697453 1.4145243 9.632322

-0.41808748 1.2469301 9.57965

-0.15472528 1.4097359 9.584438

-0.15472528 1.4001591 9.574862

-0.38456866 1.4863503 9.708937

-0.48991352 1.4241011 9.752032

-0.40372226 1.4911387 9.732879

-0.39893386 1.4193127 9.775974

-0.19782092 1.352275 9.426421

-0.38456866 1.4432547 9.24925

-0.293589 1.0410289 9.522189

-0.20260932 1.3714286 9.560496

0.07990648 1.1224316 9.603592

-0.07332243 1.3714286 9.747244

-0.15472528 1.103278 9.594015

0.2475006 1.079336 9.421633

0.09427169 1.3426982 9.498247

0.1086369 1.6060604 9.503036

0.07032967 1.5198692 9.416844

-0.011073183 1.3570634 9.6466875

-0.0398036 1.4815619 9.306711

-0.0062847794 1.00751 9.531766

0.17567454 1.4528315 9.507824

0.58747727 0.96441436 9.641899

0.16130935 1.160739 9.732879

0.37199908 0.4424784 9.919626

0.19482817 0.8063971 9.905261

0.6449381 1.5581764 9.881319

0.48213238 1.1655273 9.886107

0.3959411 1.4480431 9.483882

0.32411507 1.3666402 9.421633

0.4007295 1.5916952 9.364172

0.16609775 1.6108488 9.225308

0.51565117 1.3953707 9.364172

0.46776715 1.2517185 9.268404

0.8747814 1.0218753 9.383326

0.73112935 0.75372463 9.823858

0.62099606 0.8590695 9.7185135

0.16130935 1.1224316 9.402479

0.525228 0.9883564 9.6706295

-0.02064999 1.1655273 9.603592

0.1038485 1.2134113 9.665841

-0.10684125 1.5198692 9.661053

0.06075287 1.4001591 9.613169

-0.41808748 1.4432547 9.684995

0.6640917 1.0458173 9.594015

0.19961657 1.2612954 9.574862

0.72634095 0.97877955 9.584438

0.5443816 1.3618518 9.55092

0.61141926 0.97877955 9.910049

0.3959411 1.2229881 9.732879

0.7838018 1.4193127 9.335442

0.45819035 1.7449241 9.36896

0.42467153 1.850269 9.479094

0.42467153 1.6826749 9.526978

0.6688801 1.9556139 9.584438

0.37199908 1.4719851 9.474305

0.252289 1.0458173 9.493459

0.6593033 0.64359134 9.383326

0.573112 0.054617725 10.096798

0.3911527 1.12722 9.905261

0.252289 1.553388 9.7424555

0.46776715 1.6204256 9.823858

0.34326866 1.2325649 9.862165

0.3528455 1.2996026 9.747244

0.45340195 1.3618518 9.57965

0.5635352 1.00751 9.570073

0.32890347 1.2181997 9.656264

0.2570774 0.96920276 9.536554

0.2570774 0.8399159 9.450363

0.5300164 2.290802 10.422409

0.4103063 1.3331214 9.503036

