0.38157588 -0.4385878 10.168624

-0.3031658 0.07855974 9.857377

0.34326866 0.37544075 9.684995

-0.22655134 0.64837974 9.6466875

-0.22655134 0.49036244 9.594015

-0.0350152 0.4664204 9.69936

-0.19303252 0.49036244 9.493459

-0.15472528 0.5861305 9.603592

-0.19782092 0.2940379 9.732879

0.2570774 0.054617725 9.795128

0.5539584 -0.24226329 9.823858

0.6928221 -0.48647186 9.905261

0.3911527 -0.5104139 10.024971

0.37678748 -0.09382278 9.570073

0.42945993 0.021098902 9.483882

0.45340195 -0.6827964 9.6945715

0.47255555 -0.6013935 9.560496

0.51086277 -0.90306294 9.823858

0.30974984 -0.5870283 9.7185135

0.44382513 -0.86954415 9.675418

0.47734398 -0.6013935 9.656264

0.33369187 -0.8503905 9.637111

0.86999303 -1.3627497 9.594015

0.29059622 -1.6835726 9.790339

-0.1882441 -1.9373581 9.704148

-0.38935706 -1.8320132 9.732879

-0.5042787 -1.4680946 9.684995

-0.76764095 -1.4872482 9.886107

-0.9304466 -0.89827454 9.613169

-0.911293 -1.2382512 9.416844

-1.0788871 -1.7170916 9.603592

-1.3374609 -0.021996727 9.498247

-1.5289971 0.1743278 9.55092

-1.8354548 1.103278 9.574862

-1.682226 0.8782231 9.402479

-1.5912462 1.0170869 9.584438

-1.5481507 1.376217 9.737667

-1.8450317 1.0889128 9.560496

-1.4044986 1.1320084 9.684995

-0.7532757 0.6962638 9.498247

-0.80115974 0.53824645 9.6945715

-0.5090671 0.37065235 9.804705

-0.55695117 0.07377134 9.96751

-0.39414546 0.11207857 10.039336

-0.68623805 0.03067571 9.919626

-0.43245268 -0.017208325 9.876531

-0.32231942 0.34671032 9.675418

-1.3997102 1.7688662 9.876531

0.34805706 0.03067571 9.306711

-0.19303252 -0.13213001 9.780763

-0.4468179 -0.405069 9.905261

0.06075287 -0.2662053 9.536554

-0.6287772 -0.32845455 9.675418

0.20440497 0.03067571 9.761609

-0.23612814 -0.66843116 9.962722

-0.12120646 0.121655375 9.981875

-0.082899235 0.1503858 9.565285

-0.001496376 0.09771336 9.790339

-0.025438393 0.06419453 9.512612

-0.06374562 -0.2614169 9.507824

0.05117606 -0.29493573 9.570073

0.012868834 -0.012419921 9.426421

0.046387658 -0.08903438 9.570073

-0.001496376 0.10250176 9.6945715

-0.21697453 0.054617725 9.732879

-0.10684125 0.040252518 9.680206

-0.087687634 0.088136554 9.7424555

-0.1738789 0.21263504 9.684995

-0.3079542 0.33713353 9.771186

-0.28401217 0.43769 9.48867

-0.3127426 0.38980597 9.790339

-0.28401217 0.2988263 9.886107

