-1.6726491 2.3865702 9.483882

-1.5433623 1.826327 9.206155

-1.7827824 1.7305589 9.632322

-1.6774375 2.324321 9.119964

-1.7827824 2.300379 9.210943

-1.552939 2.372205 9.172636

-1.4236522 2.7696424 8.981099

-1.3230957 2.573318 8.938004

-1.5098435 2.6547208 8.803928

-1.6774375 2.6499324 8.760833

-3.927987 3.5166333 9.096021

-20.060118 23.072474 1.4297873

-21.721695 22.291964 -0.06898294

-29.04795 13.878738 3.5797803

-33.328785 -4.5901337 5.480777

-14.098556 -27.833044 18.476503

-0.5042787 -26.568905 20.894648

11.6151705 -15.411925 18.739866

8.488343 -6.625205 16.431854

3.872322 1.9220951 10.010606

1.6505028 4.9914618 8.3729725

-0.7245453 4.641908 8.10961

-1.979107 5.4415717 8.377761

-2.6063879 5.307496 9.172636

-1.5912462 4.8717513 8.617181

-2.1514895 4.613178 8.89012

-2.170643 4.33545 9.182213

-2.132336 3.7991493 8.990676

-1.9168577 4.5509286 8.10961

-1.3422493 4.2684126 8.238897

-1.9838954 3.7799957 8.583662

-1.2704233 4.627543 8.17186

-1.2895769 4.421642 7.812729

-1.0836755 3.6698623 8.377761

-0.6192004 2.7026048 8.234109

-0.37499183 2.9707553 9.225308

-0.79637134 3.5166333 9.555708

-1.1555016 3.0617352 9.957933

-0.9160814 2.6834512 9.589227

-0.8298902 2.7696424 9.421633

-1.1076176 2.8031614 9.565285

-1.0070611 2.4967034 9.55092

-1.1171944 2.372205 9.574862

-0.5186439 2.3769934 9.052925

-1.2416929 1.9987096 9.464728

-1.7061679 2.2572832 9.426421

-1.6630723 1.5007155 10.2117195

