-0.6000468 2.2812252 10.949133

2.4645314 1.4480431 9.287558

0.62578446 0.7010522 9.8478

0.84126264 0.5813421 9.7185135

0.84605104 0.37544075 9.574862

1.0327988 0.7249942 9.474305

1.023222 0.8686463 9.100809

0.9035119 0.76808983 9.57965

0.75985974 0.8925883 9.555708

0.74549454 1.1176432 9.574862

0.5779004 1.2948142 9.483882

0.73591775 1.4001591 9.493459

0.75507134 1.136797 9.402479

1.6744448 -1.0131962 9.828647

3.6520555 -4.2357917 10.647464

9.465178 -10.312276 11.322629

16.164154 -20.296097 12.136658

3.3886933 -27.81389 12.663382

-8.084321 -25.060558 11.964274

-16.440084 -20.942532 9.196578

-19.313128 -17.356016 6.1894603

-23.37848 -9.206155 6.4145155

-20.673035 -1.4824598 6.663512

-17.737743 3.952378 6.376208

-13.801675 5.4846673 6.404938

-6.9973536 3.9140708 8.061726

-3.6502597 3.1862335 8.315512

-2.1036055 2.9324481 8.473529

-2.170643 2.4727614 9.014618

-2.074875 2.017863 8.262839

-1.0788871 1.6778865 8.205379

-0.82031333 0.8399159 8.478317

-0.28401217 -0.14649522 8.727314

-0.22655134 -0.65885437 10.350583

-0.27922377 -0.65406597 10.422409

-0.57131636 -0.3954922 10.369737

-1.0022727 -0.065092355 10.585215

-1.3135189 0.8447043 10.206931

-1.7109563 0.8447043 10.2596035

-2.146701 0.9931448 10.254815

-1.9982606 1.0027215 9.402479

-1.2895769 0.9069535 9.24925

-0.67187285 0.8447043 9.321076

-1.2321161 0.5861305 9.8478

-0.64793086 0.66274494 9.890896

-1.1890204 0.7776666 9.517401

-0.887351 1.103278 9.60838

-1.0022727 1.256507 9.435998

-1.361403 0.8782231 9.637111

-1.0453683 1.1559505 9.402479

-1.8402433 1.0122985 10.197354

