-0.79637134 -2.4736593 8.914062

-0.82510173 -2.5981576 8.262839

-1.1411364 -2.8184242 8.497471

-0.9831191 -3.4169748 8.655488

-1.1890204 -3.656395 8.617181

-1.2656349 -4.422539 8.736891

-1.457171 -4.0538325 9.100809

-0.5282208 -3.656395 10.470293

-0.082899235 -3.991583 13.803021

-0.56652796 -3.8766615 15.325734

0.022445641 -6.6060514 15.4023485

0.084694885 -4.958841 12.33777

-1.1411364 -3.9963715 12.965051

-2.5154083 -8.981099 10.178201

-3.3246484 -7.9803233 8.368184

-2.4579473 -9.780763 5.59091

-2.074875 -5.2652984 3.6180878

-0.3127426 -1.9421465 2.2390275

-0.3462614 -1.9565117 3.0099604

1.2770073 -3.0674212 4.192696

0.75028294 -1.5494974 5.3850083

2.105401 -2.7274446 6.6778774

2.2203228 -3.0195372 7.3003697

3.1875803 -5.116858 8.176648

3.4748845 -6.663512 9.445575

5.0454807 -12.016947 10.657041

3.005621 -12.002582 10.182989

2.411859 -11.600356 9.416844

1.4062942 -8.497471 8.693795

0.9035119 -4.6140757 8.028207

-0.27922377 -2.1193175 7.903709

0.5779004 -1.8368016 8.598027

0.29538465 0.65795654 8.966734

1.8037317 -0.18480244 7.9946885

1.5595231 1.5916952 6.2421327

2.7039516 -0.10818799 7.1662946

3.029563 -0.5487211 8.037784

3.2450411 -2.0043957 7.836671

3.551499 -3.3307834 7.362619

3.671209 -3.5079544 6.151153

2.7518356 -4.1974845 3.8287773

3.4892497 -6.031443 2.7370214

3.0104094 -5.3275476 1.0371382

1.6935984 -5.6100636 1.3292309

2.1341314 -5.155165 2.5502737

-0.9496002 -4.8870144 4.0634093

-0.4563947 -9.680206 7.812729

-2.6063879 -5.59091 5.456835

-3.2767644 -11.356148 10.542119

-3.6837785 -9.962722 10.872519

-1.8210896 -10.915614 11.657817

-4.0046015 -7.7025957 9.651476

-2.5680807 -10.384102 10.704925

-3.0852282 -7.9899 7.5589437

-2.1850083 -7.487118 7.9228625

-3.0517094 -6.2373443 6.1655183

-2.7835588 -6.4623995 5.8399067

-3.2576108 -4.3794436 4.408174

-2.7069442 -5.3514895 5.4137387

-3.9471407 -3.0578444 4.786458

-4.5409026 -3.9149687 4.1256585

-5.623082 -1.3771149 3.8766615

-6.8872204 -2.3826797 2.2007203

-7.3086 0.18390462 2.7944822

-5.081992 -4.532673 4.1639657

-6.73878 -9.6706295 5.6723127

-8.697237 -10.1877775 4.2788873

-8.271069 -13.501352 4.4704237

-6.4610524 -12.237214 6.2134023

-6.006154 -11.744008 6.3379006

-6.729203 -8.746468 5.8399067

-6.7675104 -8.281993 5.480777

-6.844125 -7.803152 5.5382376

-7.7299795 -5.3658547 5.6723127

-7.653365 -4.982783 5.4664116

-7.6725187 -4.1400237 5.332336

-7.5623856 -4.982783 5.3897967

-7.4953475 -2.9716532 4.1591773

-7.4091563 -3.7617397 4.666748

-6.906374 -3.8766615 4.5518265

-6.85849 -4.2214265 4.5757685

-7.1362176 -3.905392 4.824765

-6.9877768 -4.748151 5.2796636

-6.868067 -4.168754 5.509507

-6.604705 -4.288464 5.078551

-6.9015856 -3.9867947 4.949264

-6.872855 -3.3978212 5.418527

