-0.82031333 1.3810055 9.536554

-0.9543887 2.5781064 9.282769

1.6744448 2.348263 8.540566

0.29538465 1.0218753 9.498247

-0.19782092 1.6108488 9.48867

-0.102052845 2.0801125 9.421633

-0.12120646 1.5102924 9.6706295

-0.011073183 1.8885763 9.402479

-0.21697453 1.3618518 9.474305

-0.4563947 1.7353473 9.60838

-0.14036007 1.8119618 9.388114

-0.35583824 1.8694227 9.325865

-0.35583824 1.6156372 9.397691

-0.36541504 1.9364603 9.479094

-0.70060325 2.1854572 9.440786

-0.58089316 1.9987096 9.383326

-0.58089316 2.0465934 9.464728

-0.5330092 2.0130746 9.48867

-0.839467 2.1663036 9.426421

-0.7484873 2.3386862 9.124752

-0.81073654 2.0944777 9.134329

-0.66229606 1.9747674 9.388114

-0.7053917 2.2381296 9.230097

-0.69102645 2.1088428 9.402479

-1.0070611 2.218976 9.196578

-0.8729858 2.0370166 9.321076

-0.67666125 2.290802 9.187001

-0.8442554 2.4009354 9.3115

-0.9496002 2.2860136 9.536554

-0.935235 2.3626282 9.407268

-0.8490438 2.3099558 9.455152

-0.8729858 2.2764368 9.354595

-1.0549451 2.2955904 9.445575

-0.9735423 2.444031 9.258827

-0.69581485 2.3195326 9.301923

-0.5856816 2.2046108 9.196578

-0.5952584 2.0849009 9.507824

-0.65271926 2.0322282 9.780763

-0.6287772 2.2141876 9.335442

-0.48033673 2.2572832 9.526978

-0.6048352 2.5445876 9.258827

-0.7101801 2.0657473 9.661053

-0.9783307 2.6499324 9.536554

-0.9687539 2.693028 9.206155

-1.0262147 3.0090625 9.100809

-0.99748427 3.296367 8.928427

-0.9687539 2.9468133 9.258827

-1.0310031 2.8797758 9.474305

-0.99748427 2.549376 9.345018

-0.911293 2.2477064 9.603592

-0.90650463 2.491915 9.100809

-0.863409 2.4344542 9.268404

-0.64793086 2.2955904 9.455152

-0.0062847794 2.9516017 9.258827

-0.1834557 2.3769934 9.632322

-0.32231942 2.4392426 9.239674

-0.28880057 2.075324 9.512612

-0.12120646 2.6595092 8.875754

0.055964466 2.6307788 9.148694

-0.054168813 1.7305589 9.373749

0.09427169 2.4344542 9.263616

-0.07332243 2.5062802 9.187001

0.084694885 2.7504888 9.134329

-0.26964697 2.9803321 9.345018

-0.25049335 3.0856771 9.12954

0.055964466 2.3674166 9.474305

-0.04938041 2.7792192 9.119964

-0.09726445 2.5206454 9.096021

0.036810853 2.6547208 9.03856

-0.10684125 2.4583962 9.119964

0.22834699 1.8071734 9.402479

0.17567454 2.467973 9.258827

0.34326866 2.3195326 9.388114

0.31932664 1.9891326 9.416844

0.6449381 2.0944777 9.182213

1.0327988 2.2333412 9.100809

0.774225 2.2764368 9.412056

0.83168584 2.3147442 9.507824

0.62578446 2.2572832 9.531766

0.5635352 2.1806688 9.522189

0.63536125 2.017863 9.574862

0.8843582 1.3857939 9.306711

-0.1643021 1.7880198 9.756821

1.095048 2.8845642 9.06729

0.2570774 2.5445876 9.36896

-0.43245268 2.372205 9.349807

0.5587468 2.0034978 9.19179

0.11342531 2.0849009 9.55092

-0.21218613 1.9220951 9.435998

0.11342531 2.2620716 9.263616

0.099060096 2.242918 9.464728

