-3.4252048 8.05604 3.6228762

-3.4826655 8.271518 3.3882444

-3.568857 7.797466 3.833566

-3.6311061 7.558046 4.168754

-3.1762078 7.9937906 3.6420298

-3.7843351 8.161385 3.9436991

-3.6311061 8.59713 3.5941458

-3.913622 8.721628 3.7617397

-3.9231987 8.635437 3.5606267

-3.8082771 8.4965725 3.4121864

-4.0429087 8.692898 2.9620764

-4.0046015 8.4247465 2.7705402

-4.0620623 8.4247465 2.780117

-3.9998133 8.281095 2.579004

-3.9231987 8.946683 2.114529

-3.8992567 8.190115 2.219874

-4.023755 8.558823 2.3395839

-3.7843351 8.769512 2.7226563

-4.047697 8.731205 2.267758

-4.3445783 8.606707 1.9708769

-4.48823 8.826973 2.1767783

-4.1434655 8.826973 0.74504566

-4.923975 7.3856635 1.3388077

-4.57921 7.6394486 1.6931496

-4.981436 7.6155066 1.8032827

-4.742016 8.103924 1.8272249

-4.7755346 7.6490254 2.7178679

-4.2966943 8.362497 2.5646389

-4.2775407 8.108712 3.158401

-4.4211926 8.391228 3.5318964

-4.4164042 8.4965725 3.6037226

-4.852149 8.123077 3.2350154

-4.986224 8.870069 3.3116298

-4.425981 8.965837 2.2246623

-4.4307694 8.458265 3.1488242

-4.1674075 7.9698486 3.0147488

-4.1195235 8.328979 3.574992

-4.2535987 8.127866 3.752163

-3.9710827 7.9937906 3.5893574

-3.4778771 7.8980227 3.3882444

-3.5066078 7.8692923 3.6611834

-3.3342252 8.041675 4.2549453

-2.9367876 8.59713 3.6228762

-3.0277674 8.4247465 3.5989342

-3.2576108 8.228422 3.8096237

-3.1235354 7.797466 3.7473745

-3.497031 8.099135 3.6516066

-3.1139586 8.654591 3.5893574

-3.2240918 8.352921 4.0203137

-2.9798832 7.6346602 3.7904701

-2.98946 8.95626 3.2637458

-3.2336686 8.879645 3.1967082

-3.8944683 8.937106 4.0538325

-3.190573 8.807819 3.4648588

-3.2049382 8.333767 3.7904701

-2.7308862 8.458265 2.9955952

-3.1714194 8.300248 3.6228762

-3.4826655 9.593118 2.8519433

-3.5257614 8.314613 3.325995

-3.3773208 7.912388 3.5989342

-3.1331122 7.692121 4.1017165

-3.142689 8.027309 4.130447

-3.3821092 8.343344 4.2357917

-3.487454 8.333767 3.5175312

-3.3294368 8.616283 3.991583

-3.3485904 7.313837 4.4560585

