-0.6192004 1.8215386 8.176648

-1.3230957 0.7728782 8.2772045

-1.3326725 0.4712088 8.818294

-1.2656349 0.5813421 9.230097

-0.5234324 0.11686697 11.269957

-1.208174 1.1463737 13.151799

-0.5330092 2.4967034 15.301792

-1.0501567 3.416077 17.485304

-1.2369045 3.191022 17.059135

-1.7875708 3.8230913 16.254684

-1.7923592 7.5197387 17.485304

-3.2001498 3.5645175 13.247567

-1.5577275 -2.7849054 5.174319

-1.6630723 -1.1233295 2.1288943

-0.41329905 -0.75941086 1.2143092

-0.7580641 2.3913586 1.7984943

0.9130887 5.1542673 4.0394673

0.32890347 6.3370028 4.7433624

0.6880337 7.2803183 6.2421327

1.0998363 7.1653967 6.63957

1.1381437 7.2467995 6.1415763

2.5698762 6.9690723 5.116858

2.4884734 5.9252005 5.394585

2.1149778 5.4032645 4.484789

3.7526119 -0.16086042 7.6882305

4.9114056 -1.0419266 7.113622

1.8037317 -5.480777 9.378537

3.527557 -5.0402436 7.3865614

0.9992799 -2.17199 11.126305

0.6545149 -2.3491607 10.882095

0.6545149 -1.9613001 10.2117195

0.49170917 -1.4202105 10.297911

0.73112935 -1.070657 10.020183

1.7223289 -2.2533927 10.613945

1.023222 -1.1089643 9.962722

1.415871 -1.8511668 9.014618

-0.40372226 -2.2725463 3.7904701

-1.0262147 -2.148048 0.42901102

-0.35583824 -1.7170916 0.65885437

0.9226655 -2.104952 0.21353287

1.1094133 -4.3267713 1.496825

0.15652093 -9.60838 6.5007067

-2.548927 -10.546907 9.187001

-1.4428058 -14.004134 10.173412

-1.7396868 -11.52853 10.781539

-3.0325558 -12.131869 11.116728

-1.8402433 -11.849353 11.222073

-3.3773208 -8.818294 10.752809

-4.033332 -7.2716393 5.322759

-3.8274307 -4.5135193 3.5079544

-4.837784 -1.5590742 4.0394673

-6.52809 -0.8408137 3.4935892

-10.224737 2.645144 5.131223

-10.559926 1.850269 7.185448

-10.69879 0.52388126 6.3379006

-13.969269 0.8016087 5.3179708

-12.384308 -14.9570265 4.9253216

-7.3038116 -20.16681 5.605275

-3.76997 -16.134974 6.5916862

-4.2871175 -10.590003 5.9404635

-5.4315457 -6.8981442 5.404162

-5.7810993 -4.997148 6.3139586

-6.52809 -4.5853453 7.1423526

-7.236774 -3.8527195 6.682666

-9.061155 -5.509507 6.553379

-8.548797 -5.686678 6.357054

-6.9877768 -4.3028293 6.256498

-6.920739 -2.5646389 6.864625

-5.6757545 -1.5782279 8.095244

-4.876091 0.1743278 7.587674

-4.5648446 0.11686697 8.243686

-4.1003695 0.8734347 6.9603934

-4.6079407 1.3379098 7.195025

-3.865738 0.76330143 7.003489

-3.520973 1.7975966 7.1184106

-4.33979 0.64837974 8.382549

-3.3821092 -1.8559552 8.875754

-2.845808 -1.3962685 8.46874

-2.7931356 -1.2430396 8.44001

-2.8505964 -0.78335285 8.554932

-3.3821092 -1.1041759 9.287558

-3.2671876 -1.1233295 9.234885

-3.1235354 -1.0850223 9.239674

-3.0564978 -1.1424831 9.570073

-4.00939 -0.8264485 9.440786

-2.8984804 -1.3483845 9.383326

-3.2432454 -1.1520599 8.899696

-3.1139586 -1.1616367 8.851812

-3.1953614 -0.8168717 8.808717

-3.31986 -0.74504566 8.756044

-3.391686 -0.64927757 8.985888

-3.190573 -0.5822399 9.349807

-3.3246484 -0.79292965 9.752032

-3.5257614 -0.9317934 9.574862

-3.3629556 -1.1424831 9.440786

-3.2336686 -1.2765584 9.306711

-3.1714194 -0.950947 8.885331

-3.142689 -1.1424831 8.94758

-3.2288802 -1.1329063 8.894908

-3.2049382 -0.6875848 8.89012

-3.1043818 -0.6205472 8.756044

-3.1235354 -0.41943422 8.703372

-3.2815528 -0.6013935 9.028983

-3.1762078 -0.5008371 8.756044

-3.0421326 -0.23268647 8.971522

-3.2432454 -0.24226329 8.722526

-3.1762078 -1.8798972 6.433669

-3.8753147 -0.74504566 9.153482

