1.3153145 -0.75462246 9.546131

1.1572973 -0.78335285 9.771186

1.4493898 -0.9222166 9.929203

0.71197575 -1.2334628 10.460716

1.1189901 -1.6692075 9.924415

0.5348048 -0.46252984 10.072855

1.272219 -0.6205472 8.894908

2.684798 -2.9860184 9.7185135

1.9042882 -2.1815667 10.053701

2.3352444 -6.246921 11.720066

3.4126353 -4.096928 11.28911

3.0966005 -5.226991 10.800693

3.527557 -4.3555017 11.078421

3.350386 -3.8670847 8.598027

2.82845 -5.480777 9.574862

2.9768906 -6.2038255 8.052149

2.3017256 -5.0019364 9.905261

2.9290066 -4.2118497 8.234109

2.306514 -4.393809 8.416068

2.5267806 -1.7601871 7.3243117

3.479673 -1.1233295 7.740903

2.4405894 -0.33324295 7.7839985

2.2251112 1.3618518 6.658724

1.9234418 1.256507 6.955605

2.1772273 0.040252518 6.87899

1.9809027 0.07855974 7.4009266

2.6417024 -0.05551555 7.4105034

3.541922 -2.0522797 7.3674073

5.6727614 -2.9955952 7.5110598

5.0646343 -6.783222 9.215732

4.7533884 -5.796811 8.487894

2.2298996 -2.090587 9.93878

1.8516158 -0.15128362 10.824635

1.5930419 2.218976 8.511836

1.5930419 2.3817818 9.407268

1.6265608 4.493468 9.426421

-0.6431424 4.3019314 9.43121

-0.6431424 4.8717513 10.087221

-0.5282208 6.34658 8.712949

-0.5282208 4.18701 8.248474

0.3624223 4.210952 7.851036

1.4876971 2.9803321 7.9132857

1.4924855 2.8510454 7.2716393

1.4924855 2.8510454 6.6778774

2.2011693 0.33234513 5.868637

1.8803462 0.50472766 6.5821095

1.2434886 -0.927005 5.509507

-1.4523826 -3.4600704 4.2788873

-0.3127426 -3.7090673 5.356278

-0.011073183 -1.1807903 6.673089

-1.6247652 -2.8184242 5.9787707

-2.0269911 -2.114529 10.518177

-2.7835588 -4.106505 12.380866

-4.3445783 -3.2445922 13.908366

-4.0046015 -4.8104 14.133422

-3.5592802 -3.7713165 14.463821

-3.5592802 -3.7713165 14.013712

-4.2392335 -3.479224 12.965051

-4.583998 -2.6077347 12.524518

-4.282329 -3.2972646 9.297134

-4.684555 -2.9381344 8.483106

-4.4307694 -1.7266684 7.084892

-4.3972507 -0.9317934 6.4384575

-6.628647 0.45205522 6.064962

-7.2559276 0.413748 6.658724

-7.9550343 -0.16564883 6.63957

-7.246351 -1.6931496 7.7265377

-6.0253077 -3.6132994 8.435222

-6.312612 -3.5702035 8.823082

-5.081992 -2.6460419 8.449587

-5.872079 -1.7984943 8.463952

-5.1203 -3.7377977 8.454375

-4.6318827 -3.929334 9.143906

-5.0628386 -2.4688709 8.305935

-4.885668 -1.5399206 8.076091

-5.3836617 -0.88869774 7.621193

-5.3597198 -0.079457566 7.8414593

-6.571186 2.099266 7.6547117

-5.9965773 1.2660838 7.999477

-5.125088 -0.19437926 7.764845

-4.876091 -0.25662848 7.549367

-5.110723 -0.49126026 7.9851117

-5.182549 0.011522096 8.128764

-4.6318827 0.47599724 8.037784

-4.8808794 0.2988263 7.8558245

-5.4554877 -0.050727148 8.377761

-4.780323 -0.55350953 8.53099

-5.2017026 -0.08424597 8.353819

-4.4547114 -0.4385878 8.3729725

-5.0915694 -0.7306804 8.157495

