0.9226655 1.5102924 9.239674

-0.67666125 -0.18959084 8.866178

-1.7875708 0.34671032 9.526978

-2.266411 0.4664204 9.474305

-1.9407997 -0.2614169 9.522189

-0.4659715 -0.9701006 9.665841

-1.7492636 -0.6827964 9.924415

-1.777994 -1.1616367 9.641899

-1.825878 -1.4297873 8.981099

-0.9304466 -1.4920366 8.598027

-0.70060325 -1.0610802 9.876531

-2.1897967 -1.6404771 12.591556

-2.6351182 -2.2964883 13.5396595

-3.1522658 -0.8025065 14.684088

-1.4523826 -3.0913632 14.46861

-1.9982606 -1.9996073 13.6114855

-1.3374609 -3.2445922 12.830976

-1.4619594 -0.31408933 11.504588

-0.90171623 -5.212626 8.756044

-1.6391304 -1.2430396 6.199037

-1.6295536 0.9117419 6.3139586

-1.2369045 -0.950947 5.3850083

-0.80115974 -1.6213235 6.802376

-1.2847885 -1.6261119 6.6539354

0.07990648 -3.1679778 7.501483

-0.38456866 -1.448941 7.1519294

1.5786767 -3.2733226 8.818294

1.4541782 -2.3922565 8.20059

1.0854712 -2.8519433 8.583662

0.9897031 -4.154389 8.904485

0.83647424 -4.6619596 9.81907

2.3208792 -5.2078376 9.464728

2.186804 -4.475212 10.680983

0.86041623 -4.547038 10.039336

-0.54737437 -2.6747723 8.387338

-0.638354 -2.0379145 8.181437

-1.3997102 -0.7163152 8.085668

-1.0597335 0.47599724 8.856601

-1.2991537 2.798373 10.522965

-1.0022727 3.727323 9.594015

-0.7293337 2.6642976 9.153482

-0.49949032 1.778443 9.627534

0.21877018 1.1415854 8.574085

0.7838018 -0.15607202 8.789563

0.49170917 -0.29972413 7.376984

0.51565117 -0.87912095 6.955605

0.62099606 -0.9605238 3.9820063

-0.04938041 -2.8567317 5.557391

-0.49949032 -0.65885437 4.7912464

-2.773982 -1.4872482 5.3897967

-2.8505964 -1.9229928 7.2620625

-3.5066078 -2.4305637 7.8079405

-4.521749 -3.2924762 9.263616

-4.4690766 -4.4895773 9.752032

-6.0109425 -4.3650784 12.754361

-6.9590464 -3.2014966 12.117504

-6.5663977 -4.934899 12.596344

-7.1122756 -3.0003836 11.327417

-6.8776436 -3.1536126 9.771186

-7.820959 -2.660407 9.196578

-7.9071503 -4.034679 8.765621

-8.290223 -1.6213235 9.0337715

-7.6916723 0.06419453 9.124752

-7.806594 2.5254338 8.243686

-7.7874403 1.9795558 8.028207

-6.992565 2.1806688 7.7696333

-6.944681 -0.67321956 7.2620625

-7.3086 -0.3859154 6.0505967

-6.700473 -2.8184242 6.112846

-6.006154 -2.732233 6.4240923

-4.5265374 -6.4288807 7.453599

-4.8952446 -6.505495 7.8893437

-3.8130655 -6.673089 8.339454

-4.095581 -6.663512 9.028983

-3.6694133 -4.8391304 8.598027

-3.6119525 -3.5606267 8.004265

-3.5640686 -3.1631894 8.090456

-4.0189667 -2.7274446 8.100033

-4.047697 -1.4154221 8.387338

-3.9567175 -1.0610802 8.406491

-3.5640686 -0.87912095 8.58845

-3.88968 -1.3435961 8.516624

-3.8274307 -1.199944 8.669853

-4.023755 -0.2901473 8.77041

-3.1283238 -2.1193175 8.521413

-4.2296567 -1.0610802 8.564508

-3.4443583 -1.7266684 9.028983

-3.5401266 -1.9852421 8.732102

-3.4347816 -2.7609634 8.866178

-3.166631 -1.769764 9.03856

-3.975871 -1.8368016 8.832659

-4.0381203 -1.8703204 4.192696

-3.4826655 -1.022773 8.985888

-3.3821092 -0.25184008 9.086444

