-3.616741 6.001815 5.9739823

-3.76997 6.586 6.294805

-3.31986 6.7248635 6.342689

-3.3868976 6.633884 6.366631

-3.487454 6.6626143 6.256498

-3.5353382 6.8206315 6.443246

-3.4778771 7.8932343 6.792799

-3.6215293 9.277082 7.3099465

-3.7651815 9.952248 7.2620625

-3.5113962 9.813384 7.3434653

-3.2049382 8.965837 6.5725327

-3.2001498 8.654591 6.246921

-3.2815528 8.194903 6.4240923

-2.9128456 8.59713 6.031443

-2.3669677 8.237999 5.3993735

-2.0317795 8.678533 5.2413564

-1.4906899 9.248352 4.6954784

-1.112406 8.855703 4.2070613

-0.35583824 8.759935 3.3403602

-0.15472528 9.214833 3.0626328

0.38157588 8.95626 2.8519433

0.027234044 8.980202 2.6939259

0.9801263 9.320178 2.4497173

1.1716624 8.5444565 2.2964883

1.2578537 7.60593 2.5502737

2.129343 6.729652 1.7410336

2.3496096 5.829432 1.9517233

3.029563 5.8342204 1.3196541

3.077447 6.6769795 1.3244425

3.2929251 7.5915647 1.247828

3.632902 8.649802 0.65885437

3.8818989 8.803031 0.6397008

3.4748845 8.635437 1.4393641

2.9242182 9.047239 1.2382512

2.8380268 8.83655 1.745822

2.8236616 9.296236 1.3819033

3.2163107 10.167726 -0.05940613

2.7901428 9.267506 0.9317934

3.2594063 8.932318 1.2813468

3.3312323 9.047239 1.9996073

3.4174237 9.324966 1.745822

3.2354643 9.468618 1.5064018

3.4413657 8.740782 1.8559552

3.2977135 9.200468 1.7362452

3.0439281 9.080758 2.0762217

3.2019455 9.233987 1.9996073

3.0582933 8.894011 1.9517233

