3.9393597 0.1455974 9.206155

3.2450411 1.1511621 9.0098295

3.4222121 0.8686463 9.03856

3.2737715 1.0937012 8.885331

3.2737715 1.2086229 9.143906

3.15885 0.9165303 9.201366

3.4844613 1.4001591 9.052925

3.2115223 1.3235446 8.727314

3.0582933 0.8973767 8.598027

3.7717655 0.40895957 8.478317

3.470096 -0.012419921 8.70816

3.51798 0.025887307 8.712949

3.3455975 0.3179799 9.215732

3.1492732 1.4384663 9.526978

3.0391397 0.7872434 8.487894

3.326444 -0.7211036 7.113622

3.254618 -2.4066217 5.868637

3.2977135 -2.9046156 6.342689

2.0048447 -1.9086276 6.5438023

1.640926 -2.114529 7.0944686

1.3009493 -1.2909236 7.6020393

1.0375872 -1.4585178 7.290793

-0.49470192 -1.2095208 9.12954

-1.3422493 -1.3100772 10.001029

-2.371756 0.38501757 11.624298

-2.2807765 -0.950947 12.840552

-2.41964 0.24615386 13.903578

-2.443582 0.1455974 14.253132

-2.7213094 -0.5391443 13.084762

-2.7500398 -1.1760019 12.117504

-2.7644053 -1.1664251 10.661829

-2.3286605 -1.1424831 9.627534

-2.2472575 -1.022773 9.12954

-2.6063879 -0.8360253 8.602816

-2.6782138 -1.4585178 7.525425

-2.9990368 -1.6213235 7.290793

-3.022979 -1.0323498 7.635558

-2.4052749 -0.6109703 7.7935753

-4.464288 -1.0179846 6.6299934

-4.569633 1.2660838 7.415292

-5.144242 0.65316814 7.051373

-5.263952 0.4329016 7.477541

-5.316624 -1.1760019 7.137564

-5.50816 -1.817648 8.2772045

-4.4403462 -3.3738792 8.454375

-4.756381 -3.4504936 10.015394

-4.2966943 -5.250933 11.906814

-5.0772038 -5.308394 11.600356

-5.1203 -4.312406 11.442339

-4.900033 -2.6795607 9.5988035

-5.125088 -2.186355 8.818294

-5.6661777 -1.7314568 8.224532

-5.5799866 -1.6165351 8.162283

-5.967847 -1.7123032 7.3243117

-5.8098297 -2.1528363 7.42008

-5.5368905 -1.4824598 7.2285438

-5.0388966 -1.1376947 7.1519294

-5.5273137 -1.8990508 7.3674073

-5.5751977 -2.0091841 7.635558

-5.556044 -1.9038392 7.5780973

-5.4171805 -1.8703204 7.7935753

-5.3836617 -2.0283377 7.6403465

-5.316624 -1.913416 7.8654013

-5.50816 -2.1432595 7.7983637

-5.594352 -2.1767783 7.874978

-6.2551513 -1.1568483 7.501483

-5.144242 -1.6165351 7.6068277

