0.85083944 4.771195 9.134329

2.6129718 3.6219783 8.70816

1.6505028 3.5645175 8.985888

2.3879168 4.2061634 8.626758

2.3831284 4.6083894 8.147918

2.5746646 4.910059 8.080879

3.0151978 5.542128 8.032995

2.6800096 3.6219783 9.871742

4.049493 6.4615016 10.910826

4.432565 5.791125 12.251579

2.8954878 3.1766567 13.11828

2.6704328 0.28446108 11.097574

-1.0884639 -2.0091841 10.2356615

0.30496144 -3.0817864 9.919626

-0.839467 -2.4880245 8.521413

-1.2800001 0.37065235 6.96997

-0.5856816 -2.3347955 8.923638

-0.10684125 -1.27177 8.009053

-1.2129624 -1.3483845 7.812729

-0.5330092 -1.4154221 8.516624

-0.5186439 -0.86475575 8.435222

-0.5234324 -1.5734395 9.373749

-0.15472528 -1.5734395 9.7424555

0.084694885 0.11686697 8.621969

1.8516158 -1.0754455 9.354595

1.190816 -0.64927757 9.124752

0.58747727 -2.186355 9.857377

0.22834699 -2.0235493 8.990676

-0.57131636 -2.258181 8.310723

-1.4380174 -2.708291 5.284452

0.14694414 -4.1400237 7.2620625

-0.6431424 -1.022773 5.4712

0.7023989 -2.057068 7.6786537

-2.9798832 -0.89348614 4.7577276

-1.6104 -3.6132994 8.727314

-3.3533788 -0.9557354 7.7696333

-2.2472575 -3.9867947 9.780763

-7.701249 3.4926913 8.985888

-6.7579336 -3.3738792 12.802245

-7.4618287 3.3538277 14.463821

-5.493795 -0.012419921 14.243555

-6.5999165 1.6204256 10.834211

-5.2256446 -0.8120833 9.7185135

-4.7037086 -0.5295675 7.9468045

-4.00939 0.121655375 5.748927

-4.172196 0.7010522 5.8255415

-4.7899 1.160739 4.2932525

-5.0915694 1.1128548 4.345925

-4.995801 0.49993923 4.1160817

-5.2591634 0.6962638 3.833566

-8.855254 -1.5734395 4.2836757

-6.5616093 -0.7211036 6.304382

-11.263822 -3.5989342 7.123199

-8.620623 -1.4537294 8.779986

-8.218396 -2.4161985 10.345795

-7.0883336 -3.6851254 11.332206

-7.3086 -3.8862383 11.1694

-7.902362 -4.5039425 10.321853

-7.7443447 -2.8806736 8.842236

-7.476194 -2.0857985 8.023418

-7.198467 -1.4776714 6.28044

-7.0883336 -1.6500539 6.2756515

-7.150583 -0.9461586 6.017078

-6.264728 -1.1807903 5.945252

-7.093122 -0.87912095 6.75928

-7.1457944 -1.9804537 6.783222

-7.3900027 -1.5303438 6.49113

-6.666954 -0.9653122 6.088904

-6.9494696 -0.70195 5.772869

-6.202479 -0.6349124 5.7632923

-6.8297596 -1.8703204 6.687454

-6.7435684 -0.55829793 6.103269

-6.796241 -0.5199907 6.2373443

-7.2176204 -0.9461586 6.553379

-6.9015856 -2.3395839 7.0801034

-7.299023 -1.472883 7.051373

-6.2790933 -1.9660885 6.96997

-6.3030353 -1.9852421 7.0226426

-6.336554 -1.8703204 6.744915

-6.4275336 -1.6165351 6.979547

-6.394015 -1.6356887 6.955605

-6.8632784 -1.3579613 6.826318

-6.920739 -1.6261119 6.6539354

-6.9877768 -1.0610802 6.989124

