0.8077438 1.0889128 9.345018

1.6600796 0.8111855 9.799916

-0.09247604 0.74893624 10.436774

-0.21218613 -0.08424597 10.063278

0.49170917 -0.14170681 9.771186

0.18525136 -0.09382278 9.201366

0.07032967 -0.08424597 9.60838

0.0032920274 -0.17522563 9.584438

-0.28401217 -0.25662848 9.555708

-0.40851066 -0.060303956 9.536554

-0.39893386 -0.007631518 9.531766

-0.1882441 0.10729016 9.292346

-0.36062664 0.33713353 9.148694

0.036810853 0.1743278 9.34023

0.5395932 0.28446108 10.2117195

0.75985974 0.18869302 11.269957

0.71197575 0.65795654 12.079197

0.76464814 1.5677532 12.979416

0.59705406 1.3714286 12.620286

0.8795698 1.1942577 12.093562

2.1532853 0.1743278 11.341783

0.525228 -0.18959084 11.681759

0.59705406 -0.6253356 11.456704

0.3528455 -0.9701006 10.542119

0.065541275 -0.3859154 10.245238

0.022445641 0.33713353 10.015394

0.21398178 0.8877999 8.210167

0.19482817 0.3036147 8.095244

1.2099696 0.8973767 7.156718

0.5395932 1.00751 7.6499233

1.2626421 1.2181997 7.376984

0.6928221 1.4576199 8.358607

1.889923 1.3857939 7.693019

1.7462709 1.9891326 7.4583874

2.7757776 0.49515083 7.9372277

2.732682 0.84949267 8.511836

2.7901428 0.22700025 8.191013

3.2354643 -0.49604866 8.368184

3.7238815 -2.282123 9.526978

3.7238815 -1.5016134 10.3314295

2.636914 -1.1185411 10.163836

2.6225486 -0.927005 10.5086

1.142932 0.2605191 9.7185135

1.7366941 0.37544075 9.435998

1.142932 -0.10339958 9.713725

1.4254478 -0.5870283 9.953145

0.8125322 0.66753334 9.900473

0.7023989 1.5102924 9.661053

0.9226655 1.6204256 9.287558

1.0854712 2.0849009 9.407268

0.72634095 1.5821184 9.862165

0.7023989 2.396147 9.359384

1.0280104 1.6826749 8.789563

1.5020623 0.95962596 8.909273

1.1333553 0.5717653 7.812729

0.74070615 -0.8503905 6.720973

1.1860276 -0.05551555 6.888567

1.463755 -1.2765584 6.0122895

0.8268974 -1.1807903 6.294805

1.3967174 -1.4585178 5.59091

0.8939351 -1.769764 6.0697503

-0.79158294 -2.1336827 5.6818895

-2.275988 -3.383456 6.8598366

-3.544915 -3.3451488 6.8837786

-4.1003695 -3.8718731 7.5110598

-3.880103 -3.8096237 10.393679

-5.5799866 -3.8383543 12.562825

-5.4794297 -4.9875712 13.065608

-6.2120557 -4.4943657 12.328194

-6.542455 -4.7433624 11.600356

-5.5704093 -4.4033856 10.144682

-6.0492496 -3.9820063 9.862165

-6.9973536 -3.8431427 9.297134

-7.615058 -3.325995 8.966734

-7.9693995 -1.1424831 8.272416

-7.5863276 -0.75941086 8.444798

-7.246351 -0.7211036 7.9228625

-6.8393364 -0.5008371 7.171083

-6.16896 -1.4824598 6.6204166

-7.246351 0.040252518 6.208614

-7.0979104 -1.0131962 7.477541

-7.275081 -1.9373581 7.0561614

-5.9151745 -4.724209 6.5677443

-5.608717 -4.384232 7.017854

-4.981436 -4.872649 7.2620625

-4.9527054 -4.2693105 7.4966946

-6.3030353 -3.6228762 7.8701897

-5.8098297 -3.6707602 8.483106

-5.034108 -2.4880245 8.224532

-4.93834 -1.8751088 7.8079405

-5.2017026 -1.0658686 7.6882305

-5.263952 -0.49604866 7.9803233

-4.866514 -0.15607202 8.17186

-4.971859 0.2605191 7.9899

-5.1538186 -0.19437926 8.238897

-5.0915694 -0.30451253 8.507048

-5.5273137 -0.76419926 7.7744217

-4.8473606 -0.6157588 7.5350018

-4.473865 -0.950947 7.9946885

-4.6414595 -0.9413702 8.123976

-4.483442 -1.4010569 8.444798

-4.4690766 -1.4920366 8.612392

-4.5025954 -1.5830163 8.032995

-4.914398 -1.3675381 8.3011465

-5.0005894 -1.72188 8.593239

