-0.21218613 -0.5918167 10.029759

-1.0836755 0.0067336923 9.6466875

-0.19782092 -0.15607202 9.402479

-0.65271926 -0.050727148 9.565285

-0.66229606 -0.16086042 9.397691

-0.7293337 -0.11776479 9.526978

-0.8298902 -0.079457566 9.407268

-0.80594814 -0.6205472 8.574085

-0.5042787 -1.1089643 7.975535

-0.4707599 -2.7609634 7.573309

0.21877018 -6.5821095 7.4009266

4.408623 -12.131869 9.69936

3.9249945 -13.0225115 12.773515

2.4022822 -10.973075 16.939426

0.017657237 -10.034548 21.751772

-9.592669 -3.3690908 26.607212

-15.664364 0.03067571 23.964014

-21.056107 2.1615152 20.463692

-21.61156 2.0561705 15.66571

-9.899126 3.6028247 0.050727148

-6.7675104 0.9165303 -4.469526

-6.6956844 -0.32366616 -5.092018

-6.2790933 -1.1041759 -4.972308

-5.4650645 -4.666748 -5.431995

-1.9216461 -10.005817 -5.6522613

1.047164 -15.866823 -3.013851

5.2418056 -22.283283 3.230227

6.716634 -18.103008 16.781408

4.762965 -11.035324 21.478832

1.7462709 -4.010737 24.533834

-3.3581672 0.686687 26.28639

-8.069956 9.190891 17.964144

-7.155371 5.149479 14.478187

-5.8050413 2.71697 11.672182

-4.9048214 1.7114053 10.977863

-1.4667478 0.2653075 8.507048

-0.99269587 -0.5966051 8.502259

-0.79158294 -1.2621932 8.923638

-0.80594814 -1.9038392 9.378537

-0.41808748 -2.5406969 9.397691

-0.9256582 -1.9325697 10.039336

-0.6000468 -1.6165351 9.24925

-0.68623805 -1.2765584 9.359384

-0.7628525 -1.2574048 9.349807

-1.2895769 -1.1089643 9.713725

-0.935235 -1.3866917 9.507824

-1.3470377 -1.3866917 9.895684

0.18046296 -4.298041 7.0082774

-1.1459248 -0.8551789 9.972299

-1.1076176 -1.4058453 9.790339

-1.1938088 -1.1185411 9.723302

-0.69581485 -1.1041759 9.359384

-0.8825626 -0.7115268 9.555708

-0.9687539 -0.8312369 9.594015

-0.90171623 -0.9605238 9.555708

-1.0788871 -0.99883103 9.407268

-1.1794436 -0.7163152 9.450363

-1.2656349 -0.9605238 9.383326

-0.89692783 -0.950947 9.546131

-1.0597335 -0.77377605 9.5988035

-1.2991537 -0.99883103 9.565285

-1.3757682 -0.7306804 9.747244

-1.0932523 -0.66364276 9.632322

-1.3135189 -0.7306804 9.737667

-1.0357915 -0.6827964 9.426421

-1.0693103 -0.55829793 9.570073

-1.1985972 -0.43379942 9.555708

-1.1507132 -0.6971616 9.440786

-1.2800001 -0.5822399 9.5988035

-1.3326725 -0.725892 9.43121

-1.2369045 -0.678008 9.5988035

-1.1890204 -0.45295304 9.6227455

-1.3422493 -0.5439327 9.507824

-1.2704233 -0.5439327 9.479094

-1.385345 -0.41464582 9.464728

-2.1610663 0.4233248 8.909273

-1.2800001 -0.065092355 9.905261

