-0.24091655 1.1798925 9.881319

1.9186534 1.2517185 9.225308

0.8747814 1.079336 9.416844

0.17088614 1.1463737 9.60838

2.459743 1.2086229 8.923638

0.7885902 0.38501757 9.5988035

1.6935984 1.8359038 9.287558

2.459743 0.50951606 8.904485

1.8994998 0.8973767 9.632322

1.6983868 0.686687 9.833435

1.6935984 1.0506057 9.886107

1.7510593 0.8159739 9.479094

1.5451579 1.0697592 9.565285

1.5451579 1.0697592 9.512612

1.3967174 1.4049475 9.665841

1.7654245 1.3379098 9.407268

12.352585 -8.885331 7.4966946

38.688805 -58.038292 0.29972413

1.415871 -42.911724 7.041796

-11.579856 -33.885586 10.336218

-33.572994 -0.2805705 10.446351

-27.290607 4.3641806 5.035455

-16.928503 8.012944 2.7370214

-9.492112 5.944354 5.092916

-0.7245453 5.0345573 7.731326

-1.5720927 3.8470333 9.895684

-1.4763247 2.3865702 10.182989

-3.094805 0.35149872 12.390443

-1.7396868 -0.021996727 11.327417

-1.0980407 0.19348143 9.72809

-1.7348984 -0.045938745 9.986664

-1.682226 -0.13691841 9.852589

-1.6104 0.5669769 9.594015

-1.8737621 0.3084031 9.139117

-1.8210896 0.8686463 9.57965

-2.242469 -0.74025726 9.929203

-1.2464813 0.39938277 9.086444

-0.9783307 -0.045938745 9.565285

-1.2369045 -0.24705169 9.833435

-1.2656349 -0.5487211 10.111163

-0.8825626 -0.47210664 9.234885

-0.76764095 -0.48168346 9.780763

-1.4667478 0.45205522 10.182989

-1.7396868 0.9165303 9.641899

-1.9312229 -0.17043723 9.838223

