-0.37499183 0.85428107 9.924415

0.6640917 0.8255507 9.354595

-0.24091655 0.8159739 9.594015

0.027234044 0.74893624 9.6706295

-0.26007015 0.76330143 9.838223

-0.293589 0.7920318 9.795128

-0.5234324 0.6914754 9.752032

-0.7293337 0.96920276 9.977087

1.2195464 0.8159739 9.321076

-0.68144965 1.12722 9.661053

0.3624223 0.734571 9.503036

-0.044592008 0.5813421 9.665841

0.00808043 0.4185364 9.7185135

0.06075287 0.66274494 9.684995

-0.068534024 0.50472766 9.838223

-0.23612814 0.95483756 9.48867

0.49649757 0.8973767 9.474305

0.61620766 1.12722 9.708937

0.22355859 0.93568397 9.7424555

-0.28401217 0.75372463 9.799916

-0.27443537 0.74893624 9.507824

0.11342531 1.1415854 9.105598

0.017657237 1.0362405 9.268404

0.19003975 0.95483756 9.69936

0.027234044 0.6818986 9.924415

-0.015861586 1.0027215 9.6706295

0.16609775 0.710629 9.632322

0.3911527 0.8925883 9.5988035

0.252289 0.92131877 9.737667

-0.044592008 0.9021651 9.656264

-0.0398036 0.8877999 9.7185135

-0.22176293 0.8399159 9.512612

-0.13557167 0.7728782 9.613169

0.22834699 1.079336 9.565285

0.49170917 1.1415854 9.771186

0.7885902 0.92131877 9.732879

0.774225 0.5621885 9.895684

0.6880337 0.37065235 9.775974

0.37199908 0.08334815 10.039336

0.42467153 0.35628715 9.919626

0.252289 0.38980597 9.684995

-0.20260932 0.5621885 10.163836

-0.5042787 1.12722 9.804705

-0.3079542 1.6635213 9.81907

-0.082899235 1.826327 9.364172

0.32411507 1.7640778 9.407268

0.16609775 1.5246576 9.187001

0.34326866 1.1320084 9.359384

0.33848026 1.0601825 9.450363

0.4103063 0.93089557 9.412056

0.83647424 0.96441436 9.732879

1.2003928 0.3036147 9.881319

0.33369187 0.8207623 9.637111

0.2379238 0.97399116 9.876531

0.51086277 1.1224316 9.986664

0.48692077 1.12722 9.632322

0.84126264 1.4480431 9.656264

0.6545149 1.2181997 9.651476

0.9418191 1.4863503 9.560496

0.8268974 1.3810055 9.306711

0.9705495 0.97399116 9.0816555

0.72155255 1.1511621 9.464728

1.2913725 0.95962596 9.364172

1.0327988 0.96920276 9.804705

1.047164 0.53345805 9.589227

0.9801263 0.94047236 9.680206

1.1142017 0.61964935 9.570073

1.2674305 0.27488428 10.020183

1.0519524 0.34671032 10.048913

0.52043957 0.84949267 9.684995

0.7933786 1.0362405 9.522189

0.6640917 1.2469301 9.36896

0.5443816 1.7353473 9.378537

0.86999303 1.160739 9.570073

0.9370307 1.3618518 9.325865

0.7933786 0.7154174 9.45994

0.8891467 0.94047236 9.426421

1.214758 1.2038345 9.292346

1.3248913 0.782455 9.239674

1.0806828 0.8590695 9.675418

0.9370307 1.1751041 9.613169

0.7023989 1.2612954 9.445575

0.9322423 2.0513818 9.292346

1.0615292 1.8071734 9.503036

1.3201029 1.7975966 9.603592

1.6457144 1.6635213 9.546131

1.5068507 1.5150808 9.661053

1.5451579 1.3379098 9.756821

1.6600796 1.4815619 9.93878

1.9186534 1.4145243 9.426421

1.937807 1.5007155 9.254039

2.5172038 0.7010522 9.163059

1.4110826 0.66753334 9.378537

1.439813 0.8590695 9.823858

1.4972739 0.96920276 9.416844

1.7175405 -0.065092355 9.297134

1.8276737 1.0601825 8.808717

1.7031752 1.1320084 9.589227

1.4493898 1.2325649 9.852589

1.5020623 0.9069535 9.752032

1.5403695 0.28924948 9.426421

1.4829087 0.33713353 9.493459

1.4062942 1.0937012 9.43121

1.2817957 1.0697592 9.330653

0.9944915 0.5957073 9.522189

1.095048 0.7872434 9.383326

1.3727754 0.28446108 9.780763

1.2291234 0.96920276 9.6466875

1.2291234 0.92131877 9.953145

1.3584102 0.10250176 10.369737

1.7702129 0.37544075 9.503036

1.2195464 0.51909286 9.493459

1.023222 0.62922615 9.507824

1.4254478 0.4712088 9.297134

1.1812392 1.0506057 8.966734

1.1812392 1.079336 9.919626

1.2961609 0.9069535 9.809493

1.190816 0.94526076 9.6227455

1.1189901 1.376217 9.474305

0.8173206 0.8734347 9.426421

1.023222 1.1176432 9.412056

1.2003928 1.2660838 9.656264

1.0040684 1.1894693 9.526978

0.9992799 1.4624083 9.905261

0.9178771 1.256507 10.010606

0.86041623 1.2038345 9.574862

1.214758 0.8830115 9.258827

0.43903673 1.7257705 9.455152

0.573112 1.4671967 10.154259

1.0423756 0.8925883 9.407268

