6.209063 5.815067 5.92131

5.9552774 5.8342204 5.8399067

5.3040547 7.0217447 5.796811

5.2801127 6.3992524 5.701043

5.342362 6.150255 5.4233155

5.2322288 6.269965 5.528661

5.414188 6.4136176 5.188684

5.270536 6.0066032 4.2118497

5.404611 4.886117 3.8096237

5.4812255 4.886117 3.5797803

5.3615155 -3.4504936 2.612523

3.206734 0.06419453 2.2007203

2.1724389 3.4495957 7.5302134

-0.7484873 7.323414 11.902025

-0.5856816 8.147019 14.013712

-1.6965911 8.05604 14.808586

-0.79637134 7.4910083 14.262709

-0.48512512 5.9635077 11.303475

-0.81073654 5.3649573 7.903709

-1.2656349 4.541352 6.1463647

-2.122759 3.569306 3.2445922

-3.2288802 2.5828948 2.1432595

-3.1331122 4.6945806 1.8607436

-5.3549314 5.149479 3.134459

-4.6749783 3.1287727 15.794997

-4.560056 -2.066645 22.62805

-2.2903533 -1.6787843 19.77895

-1.4906899 0.5813421 15.459809

-2.0940287 1.6491561 11.107151

-3.7412395 1.4863503 9.359384

-4.1913495 1.2421417 9.158271

-4.047697 1.1320084 8.851812

-3.7747583 1.280449 8.401703

-3.4587235 1.2900258 8.487894

-3.9471407 1.1511621 9.124752

-4.148254 1.1942577 8.823082

-4.1817727 1.1942577 8.574085

-4.1674075 1.6778865 8.976311

-4.0285435 1.7928082 8.847024

-3.4730887 1.12722 8.698584

-3.2480338 0.95004916 8.617181

-3.0564978 1.2086229 8.329877

-3.4347816 0.9165303 8.655488

-3.3533788 0.6914754 8.981099

-3.190573 0.5526117 9.124752

-3.0804398 1.055394 9.210943

-3.1714194 1.1511621 9.024195

-3.1809962 0.8303391 8.990676

-3.5161846 1.1176432 8.665065

-3.8082771 1.2996026 9.349807

