0.06075287 -0.112976395 9.929203

0.7933786 0.97399116 10.015394

0.5300164 0.6771102 9.747244

0.6784569 0.50951606 9.574862

0.58268887 0.67232174 9.555708

0.52043957 0.95004916 9.383326

0.055964466 1.0937012 8.626758

0.21877018 0.97877955 8.157495

0.17088614 0.7058406 8.243686

0.21877018 0.3036147 8.70816

-0.1738789 -1.2143092 10.312276

-0.37020344 -1.5973815 10.3074875

-0.4611831 -0.8551789 10.977863

-0.21218613 -0.7306804 11.198131

-0.1882441 -0.3859154 10.585215

-0.5090671 -0.3859154 10.393679

-0.54737437 -0.1225532 10.063278

-0.57610476 0.5621885 9.6466875

-1.0932523 0.710629 9.684995

-1.3374609 1.5485996 10.024971

-1.3997102 1.8742111 10.015394

-1.5146319 1.9029415 9.723302

-1.3805566 2.1902456 9.526978

-1.0693103 2.444031 10.048913

-1.1985972 2.195034 10.273969

-1.2943653 1.946037 10.384102

-1.4284406 1.5485996 11.585991

-0.8729858 2.645144 11.284322

-0.69581485 3.3777697 11.456704

-0.4563947 3.296367 11.705701

-0.3031658 4.445584 11.64824

0.20440497 3.6267667 11.614721

-0.23612814 3.5884595 11.882872

-0.57131636 3.0330045 11.006594

-0.65271926 3.784784 9.804705

0.19003975 1.3666402 10.14947

0.62099606 3.3777697 8.894908

1.664868 2.573318 9.028983

1.5786767 3.3155205 8.813505

1.7893665 1.9556139 9.45994

2.0910358 2.1854572 8.3250885

2.435801 2.7457004 7.707384

3.005621 2.6164136 6.965182

3.3551743 3.2005987 6.3618426

3.7478235 3.6507087 5.9979243

4.5187564 3.229329 4.9253216

4.159626 3.3155205 4.441693

3.9537249 3.7416883 3.6659718

3.647267 3.5645175 4.1112933

3.2833483 4.4791026 3.6611834

4.2649713 3.2005987 3.8910267

3.3934817 4.30672 4.1639657

4.097377 4.368969 4.5039425

3.7621887 4.7903485 5.4712

1.9042882 6.054487 4.819977

1.4685434 6.150255 4.4704237

2.4884734 4.249259 6.4623995

2.411859 4.3258734 5.6675243

2.0766706 4.7424645 6.8454714

0.099060096 6.7152867 4.9923596

1.7462709 3.5740943 8.186225

1.0040684 4.2444706 7.4583874

0.38157588 4.603601 10.005817

-0.64793086 7.0217447 8.009053

1.8803462 3.1287727 10.273969

0.7023989 4.4407954 9.905261

-0.8298902 3.7464767 11.207707

-2.2281039 4.3785458 9.780763

0.37678748 2.989909 10.728867

-1.5433623 2.5350106 10.384102

-3.3868976 2.1806688 10.733655

-3.975871 2.3578398 10.12074

-2.6255414 2.0561705 11.26038

-3.4060512 1.1415854 10.652252

-3.118747 0.48557404 11.116728

-4.186561 0.4185364 9.857377

-3.391686 -0.4002806 10.436774

-4.0429087 -0.43379942 9.981875

-2.9224224 -1.2861352 11.906814

-2.845808 -1.9373581 12.06962

-3.4730887 -1.4537294 10.929979

-3.726874 0.24136546 9.603592

-3.746028 0.11207857 8.746468

-3.8082771 0.13602059 8.861389

-3.8944683 -0.13691841 8.880543

-3.6023757 0.7058406 9.321076

-3.5736454 0.5717653 9.124752

-3.4922423 0.73935944 8.866178

-3.487454 1.1751041 8.914062

-3.5113962 1.601272 8.281993

-3.7603931 1.1080664 8.641123

-4.2296567 1.3331214 8.3011465

-3.8513727 1.0506057 8.3729725

-3.975871 0.65795654 8.669853

-3.5018194 0.9021651 8.981099

-3.4012628 0.61964935 9.014618

-3.688567 0.95483756 8.832659

-3.0517094 0.413748 8.315512

-3.4730887 1.328333 9.0337715

