-4.8952446 4.900482 6.3618426

-5.216068 5.044134 6.3331122

-5.0867805 4.934001 6.3714194

-5.0484734 4.886117 6.634782

-5.230433 4.866963 6.4384575

-5.311836 4.771195 6.481553

-5.172972 4.7520413 6.079327

-5.2495866 4.795137 5.8351183

-5.2591634 4.388123 5.5382376

-5.2495866 4.30672 5.3371243

-5.2495866 3.8613985 5.7201967

-5.38845 4.033781 5.8159647

-5.4171805 5.5852237 5.945252

-6.0253077 6.0113916 6.16073

-7.18889 6.380099 5.9548287

-7.5288663 6.6434608 6.2134023

-7.5049243 6.9020348 5.8351183

-7.5336547 6.9020348 5.7154083

-7.5336547 6.9259768 5.9117327

-7.18889 6.9116116 5.9787707

-7.246351 6.7871127 6.4240923

-6.6334352 6.744017 6.5438023

-6.370073 6.696133 6.256498

-5.9247513 6.729652 5.92131

-5.0915694 7.122301 4.882226

-4.7276506 7.60593 4.872649

-4.7276506 7.390452 4.5614033

-4.2488103 7.0552635 4.288464

-4.2488103 7.0552635 4.1400237

-3.214515 8.17575 3.8766615

-2.8505964 8.712051 3.656395

-2.4818892 8.922741 3.7665281

-1.9407997 9.291448 3.7186441

-1.9407997 9.291448 3.6611834

-1.2704233 9.248352 3.4504936

-1.2704233 9.248352 3.4888008

-0.9543887 9.291448 3.1248822

-0.22655134 8.850915 3.0482676

-0.001496376 8.755147 2.7226563

-0.02064999 8.668956 2.9860184

0.74549454 8.702475 1.9660885

1.0567408 8.611495 1.7027264

1.391929 8.166173 1.1855787

1.7797897 8.185327 0.9461586

2.483685 6.523751 0.3907038

1.9904795 5.6905684 0.8360253

1.9904795 5.6905684 -0.07855974

1.6696564 7.2467995 -0.10729016

1.1142017 8.237999 0.76419926

1.0758944 8.965837 0.5918167

1.4876971 8.970625 0.8312369

1.1572973 8.396016 1.4680946

0.032022446 8.147019 2.459294

-0.9160814 7.356933 3.278111

-1.4715363 8.32419 3.8766615

-0.04938041 7.7447934 4.6332293

-0.8729858 8.089559 5.8111763

-1.979107 8.410381 4.8151884

-1.4859015 8.103924 6.064962

-3.214515 6.475867 5.5382376

-3.214515 5.590012 6.9603934

-2.6063879 5.795913 7.18066

-4.0668507 4.2205286 7.444022

-6.106711 5.992238 7.621193

-7.3133883 5.4367833 8.511836

-6.7818756 5.968296 7.5828857

-7.7299795 4.493468 8.554932

-8.194454 3.7464767 7.4344454

-7.322965 2.9994857 9.632322

-6.1737485 2.2046108 11.178977

-6.145018 1.1224316 9.929203

-5.4985833 1.7209821 8.516624

-5.6853313 1.7114053 7.2620625

-6.1019225 1.9316719 7.3291

-6.3078237 1.9316719 6.874202

-6.1641717 2.7935846 6.5342255

-6.130653 3.1096191 6.6922426

-6.312612 3.0377932 6.4145155

-6.2312093 4.009839 6.103269

-5.814618 3.1766567 6.4959183

-5.7619457 2.764854 6.6922426

-5.8577137 2.2237644 6.6778774

-6.030096 2.5206454 6.7880106

-5.680543 3.1718683 6.8358946

-5.7092733 3.1575031 6.8598366

-5.4411225 3.1575031 6.931663

-5.8912325 3.392135 6.706608

-6.1354413 3.262848 6.831106

-6.082769 3.6219783 7.233332

