1.8516158 3.9619548 7.6164045

3.1109657 5.1351137 7.3434653

2.5602994 4.9627314 8.162283

1.9473838 3.8757637 8.775198

2.1101894 4.948366 8.641123

2.0239983 4.311508 8.875754

2.2729952 4.225317 8.3490305

2.4022822 4.091242 8.315512

2.3400328 4.21574 8.44001

2.3208792 4.3019314 8.272416

2.186804 4.225317 8.444798

2.2442648 4.0481462 8.3729725

2.330456 4.0289927 8.540566

2.1006126 4.0673 8.6507

2.2203228 3.6938043 8.617181

2.6081834 3.5740943 8.607604

2.6895864 3.832668 8.176648

2.5938182 3.463961 8.516624

2.3208792 3.7225347 8.425645

2.2921488 3.6650739 8.478317

2.1532853 3.952378 8.473529

2.0718822 4.0768766 8.368184

2.081459 4.0864534 8.459164

2.033575 3.9571664 8.363396

2.0431519 3.4495957 8.674642

2.1580737 3.6363435 8.358607

2.459743 3.3777697 8.655488

2.1963809 3.4352305 8.698584

2.234688 3.3011553 8.689007

2.3160908 3.0617352 8.952369

2.3352444 3.3250973 8.756044

2.4501662 3.9858968 8.305935

2.2538416 4.0481462 8.58845

2.2442648 3.0425816 8.885331

2.282572 3.0090625 9.03856

2.4932618 4.2923546 8.258051

2.033575 3.5549407 9.043348

2.1820157 3.1000423 8.990676

2.0144215 3.0569468 9.196578

2.0000563 2.9516017 9.052925

1.8947114 3.191022 8.82787

1.8803462 2.894141 8.832659

1.8564042 3.095254 8.981099

1.8611926 2.8893526 9.115175

1.7223289 2.9946973 8.746468

1.6600796 3.0282161 8.909273

1.7558477 2.9516017 8.923638

1.4446014 2.5206454 8.985888

1.4493898 2.3817818 8.736891

1.3727754 2.218976 8.82787

1.4206594 2.171092 8.866178

1.3392565 1.9268835 9.06729

1.4924855 3.0377932 8.425645

1.1381437 2.918083 8.79914

1.0854712 2.2572832 9.06729

1.2434886 2.6642976 8.875754

1.2339118 3.0042741 8.722526

0.8939351 2.4871266 9.177424

0.573112 2.0465934 9.024195

1.2339118 1.9891326 9.383326

1.0663176 1.328333 9.565285

0.75507134 1.9364603 9.493459

0.63536125 1.9604023 9.632322

0.4055179 1.9029415 9.627534

0.9944915 1.7736546 9.301923

0.5635352 2.0322282 9.239674

0.6736685 2.0226514 9.378537

0.3911527 1.4959271 9.416844

0.64014965 1.7736546 9.052925

0.30017304 1.4767735 9.292346

-0.15472528 1.2612954 9.536554

-0.12599486 1.6347909 9.503036

0.28101942 1.8885763 9.445575

0.19003975 1.136797 9.7424555

0.17088614 0.710629 9.48867

-0.22176293 0.6962638 9.986664

-0.068534024 0.4664204 10.063278

-0.48033673 0.50951606 10.115952

-0.015861586 0.8159739 9.905261

-0.36541504 0.63401455 9.871742

-0.082899235 0.52866966 9.57965

-0.44202948 0.36586395 9.277981

-0.37499183 0.27967268 9.048137

-0.57131636 0.6914754 9.134329

-0.6287772 -0.25662848 9.795128

-0.7245453 0.088136554 9.771186

-0.55695117 -0.031573534 9.680206

-0.7628525 -0.20395605 9.55092

-0.67187285 -0.7163152 9.953145

-1.0836755 0.2653075 9.60838

-0.69102645 0.25573066 9.522189

-0.9448118 0.27488428 9.560496

-0.56652796 0.18390462 9.474305

-1.0214263 -0.974889 9.809493

-0.8681974 -0.41464582 9.747244

-1.2369045 -0.76898766 10.001029

-1.1076176 -0.5343559 10.345795

-1.1459248 -0.76419926 10.369737

-1.4236522 -0.87912095 10.3074875

-1.184232 -0.9365818 10.436774

-1.3183073 -0.974889 10.446351

-1.457171 -1.3914801 10.3314295

-1.576881 -0.25184008 13.099127

-1.4380174 -1.1568483 10.2117195

