1.0615292 -0.112976395 9.254039

-0.21218613 0.39459437 9.397691

0.48692077 0.1599626 9.325865

0.21398178 -0.045938745 9.713725

0.19482817 0.06419453 9.752032

0.19003975 0.22221185 9.589227

-0.058957215 0.19348143 9.632322

-0.09726445 -0.19916765 9.555708

-0.19782092 -0.6157588 9.756821

-0.0398036 -0.6923732 9.637111

-0.2983774 -0.75462246 9.790339

-0.3510498 -0.5008371 10.029759

-0.24570495 -0.46731824 9.866954

-0.33189622 -0.30451253 10.05849

-0.24570495 -0.34281975 9.924415

-0.7101801 -0.6253356 9.795128

-0.79158294 -0.5487211 9.905261

-0.7197569 -0.725892 9.732879

-0.5952584 -0.6013935 9.594015

-0.57610476 -0.4385878 9.574862

-0.68144965 -0.34760815 9.651476

-0.64793086 -0.42901102 9.684995

-0.67187285 -0.42901102 9.69936

-0.35583824 -0.86954415 9.6227455

-0.293589 -0.8025065 9.713725

-0.24091655 -0.9653122 9.704148

-0.24570495 -1.0945991 9.871742

-0.2983774 -0.8360253 9.943568

-0.3031658 -0.6205472 9.775974

-0.1738789 -0.75462246 9.771186

-0.37978023 -0.8312369 9.57965

-0.3366846 -0.8264485 9.402479

-0.07332243 -0.99883103 9.416844

-0.0062847794 -1.3579613 9.292346

0.23313539 -1.9660885 9.512612

0.62578446 -2.5885808 10.05849

0.60184246 -2.397045 10.695348

0.59705406 -2.4928129 11.131093

0.51086277 -2.2486043 11.375301

0.46297875 -1.745822 11.284322

-0.025438393 -1.0419266 10.819846

-0.22176293 -0.9222166 10.527754

-0.20739773 -0.5678747 10.470293

0.18525136 -0.08424597 10.891672

0.00808043 -0.08424597 10.733655

0.07032967 0.1743278 10.982652

0.21877018 0.5861305 10.762385

0.51565117 0.54782325 10.422409

1.0327988 1.3905823 10.623522

0.59705406 1.5725416 10.2117195

1.2099696 1.256507 10.154259

1.095048 2.71697 9.345018

1.1142017 2.0226514 9.258827

0.72634095 2.8558338 9.043348

0.9035119 3.1383495 9.024195

1.913865 3.2820017 8.17186

1.9713259 3.535787 8.123976

2.5459342 2.4488194 7.5589437

2.6943748 3.071312 6.8598366

3.340809 2.2955904 6.682666

3.5371337 3.416077 6.6683006

3.72867 3.382558 6.8119526

3.7717655 3.3969233 6.5916862

3.2977135 4.0002623 6.064962

2.5698762 3.4926913 5.6579475

3.1923687 3.727323 5.92131

3.0582933 2.9037178 5.4424696

4.2793365 1.8454806 5.6340055

3.8244379 1.5438112 6.1415763

4.796484 1.1176432 6.055385

3.5227685 0.40417117 7.137564

4.150049 -0.43379942 7.0561614

3.9824553 0.5765537 7.573309

4.3990464 -0.8312369 7.5780973

2.603395 -0.18001404 7.975535

1.9856911 -0.65406597 8.981099

3.134908 -2.066645 9.100809

3.0199862 -2.53112 10.657041

1.5451579 -1.5351322 10.556484

1.5403695 -2.444929 11.236438

1.5403695 -2.3778913 11.044901

1.2961609 -4.192696 11.346571

1.2865841 -2.7178679 11.949909

0.31453824 -1.2286744 12.40002

-0.8729858 -1.3196541 12.356924

-1.5816694 -0.8264485 12.2420025

-1.3039421 0.06898294 11.715278

-1.4954783 1.5916952 11.332206

-1.7827824 0.7154174 10.2596035

-2.098817 1.2181997 10.527754

-1.9360113 1.2756606 10.250027

-1.5625159 1.3474866 9.866954

-1.73011 0.96920276 9.522189

-1.754052 0.49515083 9.3115

-1.4188638 0.021098902 9.215732

-0.614412 -0.17043723 8.952369

-0.56173956 -0.47210664 9.163059

-1.1028291 -0.2614169 9.335442

-0.76764095 -0.65406597 9.383326

-0.8825626 -0.6349124 9.752032

0.30496144 -1.7075148 9.292346

-1.0262147 -0.8503905 10.096798

-0.4707599 -1.448941 9.785551

-0.7149685 -0.5822399 9.684995

-0.7101801 -0.48647186 9.69936

-0.8442554 -0.64927757 9.60838

-0.99269587 -0.5487211 9.402479

-0.8442554 -0.7977181 9.517401

-0.8729858 -0.6971616 9.512612

-0.7053917 -0.76898766 9.43121

-0.8442554 -0.78335285 9.675418

-1.0070611 -0.6061819 9.723302

-1.1315596 -0.31887773 9.752032

-0.8586206 -0.4433762 9.785551

-1.0788871 -0.31408933 9.871742

-1.1555016 -0.012419921 9.498247

-1.0597335 -0.2805705 9.483882

-1.2895769 -0.5152023 9.479094

-1.1890204 -0.37633857 9.560496

-1.4811131 -0.70195 9.014618

-1.2033856 -0.2709937 9.474305

