-0.80594814 -1.2621932 9.752032

-0.7532757 -1.3148656 9.354595

-0.887351 -1.1376947 9.306711

-0.98790747 -1.1137527 9.273192

-1.0501567 -1.2621932 9.378537

-0.9400234 -1.2861352 9.297134

-1.0549451 -1.1664251 9.153482

-1.2464813 -1.1376947 8.981099

-1.9407997 -0.32366616 8.152706

-1.6247652 -0.33803135 8.459164

-1.9264345 -0.76419926 9.062502

-1.8115128 -1.3388077 9.5988035

-2.1371243 -1.7506104 9.799916

-1.8210896 -2.1432595 10.077643

-1.9407997 -1.817648 9.986664

-2.0269911 -1.5542858 9.929203

-2.0413563 -1.2143092 9.704148

-2.0940287 -1.4537294 9.81907

-2.3813329 -1.5303438 9.905261

-2.18022 -1.5542858 9.790339

-2.3669677 -1.2143092 9.594015

-2.0509331 -1.0419266 9.637111

-2.2472575 -0.927005 9.684995

-2.5585039 -0.8503905 9.713725

-2.9463644 -0.5295675 9.354595

-2.7644053 -0.4002806 9.182213

-2.773982 -0.55350953 9.148694

-2.6734254 -1.1472715 8.952369

-2.41964 -0.7067384 8.928427

-2.6015995 -0.065092355 9.206155

-2.7548282 -0.14170681 9.69936

-2.9511528 -0.18959084 9.651476

-2.8075008 -0.37633857 9.665841

-2.8122892 -0.05551555 9.6227455

-2.8122892 0.0067336923 9.603592

-2.7308862 0.45205522 9.522189

-2.7213094 0.36107555 9.493459

-2.6782138 0.3179799 9.297134

-2.620753 0.23657705 9.134329

-2.548927 -0.10818799 9.052925

-2.7596169 0.9931448 8.990676

-2.7452514 1.6443677 9.230097

-2.821866 2.2141876 9.359384

-2.9224224 1.256507 9.651476

-3.190573 1.5007155 9.7185135

-3.1043818 1.7928082 9.493459

-2.9367876 2.0034978 9.565285

-2.6303298 2.1088428 9.546131

-2.5201967 2.2141876 9.522189

-2.6063879 2.2333412 9.407268

-2.2233155 1.9891326 9.115175

-2.146701 2.1615152 9.325865

-2.1036055 2.290802 9.3115

-2.0222025 2.1375732 9.292346

-1.8881273 2.6882396 9.072079

-1.4475942 2.6068368 9.062502

-1.409287 2.8318918 9.268404

-1.4523826 2.9851205 9.215732

-1.3183073 3.1575031 9.234885

-1.0405799 3.3346741 9.378537

-1.3326725 3.6267667 9.072079

-1.0070611 3.9236476 8.698584

-0.9400234 3.9619548 8.58845

-0.8729858 4.057723 8.095244

-0.5856816 3.9236476 8.214955

-0.839467 4.723311 7.8318825

-0.82510173 4.8238673 8.224532

-0.6000468 5.2739773 8.01863

-0.25049335 5.3649573 8.377761

-0.42766428 5.5373397 8.387338

-0.001496376 5.398476 8.521413

0.12300211 5.2979193 8.483106

0.30017304 4.99625 8.58845

0.3863643 5.23567 8.329877

0.5635352 4.9675198 8.483106

0.5395932 5.2260933 8.53099

0.84605104 5.503821 7.999477

1.047164 5.9012585 7.7504797

1.1381437 5.599589 8.032995

1.5403695 5.9347773 7.4105034

1.7414825 6.1071596 7.3003697

1.7319057 6.0066032 7.2285438

1.6505028 6.088006 7.0561614

1.8611926 6.3896756 6.687454

1.9521722 6.0449104 6.9747586

1.889923 5.5708585 6.673089

2.0000563 6.246023 6.2612863

1.7558477 5.8102784 6.232556

2.1437082 5.791125 5.9883475

2.0048447 6.121525 6.0697503

2.0910358 5.6762033 6.5198603

2.2921488 6.6147304 6.1703067

2.2921488 6.523751 6.304382

2.37834 6.1789856 6.5198603

2.4645314 6.720075 6.4145155

2.483685 6.504597 6.61084

2.5602994 6.657826 6.5725327

2.6560676 6.744017 6.673089

2.7422588 6.427983 6.9029326

2.6752212 6.600365 6.96997

2.3256676 6.1646204 6.8358946

2.4070706 6.1311016 6.931663

2.4501662 5.6522613 6.840683

2.7757776 6.0113916 6.6683006

2.6417024 5.8868933 6.75928

2.4262242 6.097583 6.783222

2.483685 5.858163 7.132776

2.5890298 5.4415717 7.037008

3.0966005 5.3888993 7.1040454

3.254618 5.518186 7.099257

3.1636384 5.2979193 7.549367

2.9002762 4.7328877 7.5924625

2.5172038 5.0154037 7.9228625

2.5363574 5.2787657 7.7935753

2.6656444 5.1303253 8.037784

2.330456 4.843021 7.7600565

2.1915925 4.900482 7.8989205

2.2442648 4.9627314 7.6547117

2.3160908 4.641908 7.7744217

2.105401 3.9906852 7.6978073

2.0910358 4.4312186 8.123976

1.9809027 4.6466966 8.167071

2.033575 4.9627314 7.8989205

2.4070706 3.1096191 8.41128

2.3927054 3.16708 8.387338

2.3256676 2.965967 8.526201

2.5746646 2.4344542 8.540566

2.8811226 2.7600656 9.177424

2.6417024 2.3817818 9.258827

2.2921488 2.444031 9.345018

1.5020623 2.3147442 9.163059

1.1860276 2.0226514 9.627534

1.4493898 2.2237644 9.196578

1.1381437 1.9412487 9.22052

0.64014965 1.8837879 9.100809

0.8939351 2.5541644 8.82787

0.798167 1.9604023 8.655488

0.42945993 1.0601825 8.995464

0.17088614 0.4233248 9.163059

-0.25049335 -0.21353287 9.613169

0.17567454 -0.49604866 9.574862

-0.0350152 -0.2662053 9.613169

-0.7197569 -0.5822399 10.048913

-0.911293 0.49036244 9.72809

-0.5330092 0.08334815 10.36016

-1.3039421 0.7249942 10.422409

-1.4380174 0.51430446 9.957933

-1.5960348 0.11686697 10.115952

-1.1938088 -0.5439327 9.943568

-1.2177508 -0.99404263 10.144682

-1.6295536 -1.6309003 9.828647

-1.6439188 -1.1712135 10.26918

-2.0509331 -1.2286744 10.250027

-2.0078373 -0.23747487 10.044125

-2.266411 -0.17522563 10.2356615

-2.644695 -0.7163152 10.09201

-2.3813329 -0.8360253 9.986664

-2.4723125 -0.77856445 9.684995

-2.0652983 -0.8168717 9.977087

-2.0078373 -0.6923732 9.172636

-2.122759 0.28446108 9.55092

-2.036568 -0.11776479 9.440786

-2.0796635 -0.25184008 9.498247

-2.4340053 -0.2901473 9.641899

-1.9503765 -0.44816464 9.5988035

-2.5345619 -0.1273416 9.790339

-2.3573909 -0.026785132 9.507824

-2.491466 0.17911622 9.258827

-2.3142953 0.4424784 9.000253

-2.0940287 0.64837974 8.938004

-2.4866776 1.1224316 8.971522

-2.29993 0.7968203 9.6466875

-2.2281039 0.84949267 9.522189

-2.18022 0.6962638 9.45994

-2.0940287 1.0697592 9.402479

-2.2089503 0.73935944 9.493459

-2.2711997 1.505504 9.096021

-2.5393503 1.4145243 9.546131

