0.6545149 2.9037178 8.41128

3.182792 5.3601685 6.8694134

1.4493898 4.3641806 6.8598366

0.75507134 4.1487026 6.965182

0.7790134 3.9858968 6.586898

0.45340195 3.9954736 6.007501

-0.10684125 4.843021 4.4704237

-0.5377976 5.2021513 4.6571712

-1.1076176 4.5269866 5.298817

-2.9367876 2.8654106 7.3338885

-5.4554877 -1.4824598 13.003358

-5.4794297 -1.7601871 13.271509

-4.6175175 -0.5870283 12.380866

-4.765958 0.53345805 11.633875

-4.981436 1.5342344 10.680983

-5.4171805 1.6539445 10.010606

-5.101146 1.2948142 9.661053

-5.350143 1.1320084 8.985888

-5.1538186 1.280449 8.3203

-5.484218 1.4624083 8.238897

-5.445911 1.4528315 8.100033

-5.3836617 1.3331214 8.157495

-5.364508 1.5390228 7.927651

-5.110723 1.7832314 7.9899

-5.2017026 1.6683097 7.8989205

-5.0915694 1.5725416 7.999477

-5.005378 1.5677532 7.9851117

-5.0484734 1.6635213 7.999477

-4.842572 1.7066169 7.927651

-4.8713026 1.553388 8.191013

-4.8808794 1.5102924 8.147918

-4.6797667 1.3139678 8.191013

-4.6510363 0.8734347 8.095244

-4.1913495 0.36107555 7.9946885

-4.1913495 -1.9565117 7.53979

-3.2815528 -2.0043957 7.549367

-3.2049382 -1.8607436 7.405715

-3.5640686 -2.2007203 7.338677

-4.3685203 -3.3355718 7.1519294

-4.6749783 -4.0298905 6.553379

-5.230433 -4.705055 6.1176343

-6.178537 -4.5997105 5.5478144

-8.630199 -0.09382278 8.114398

-9.6884365 0.6914754 8.885331

-10.124181 -0.08903438 9.708937

-9.295788 0.18390462 8.894908

-8.333319 -1.4010569 7.5302134

-7.4857707 -2.08101 7.1758714

-7.016507 -2.373103 6.457611

-6.2838817 -2.684349 6.0697503

-6.7818756 -3.929334 5.6435823

-7.0643916 -3.7425861 5.236568

-7.141006 -3.4361284 4.5183077

-7.246351 -3.2685342 3.9628527

-7.083545 -3.0386908 1.817648

-7.6006927 -3.4504936 1.1807903

-8.007707 -4.0155253 1.1424831

-7.026084 -4.2453685 0.41464582

-8.275858 -2.8423662 3.8096237

-8.788217 -4.556615 4.6811132

-9.516054 -5.6244287 6.831106

-9.6644945 -5.9500403 7.429657

-9.386767 -5.0737624 6.2612863

-9.022848 -4.915745 5.7154083

-8.620623 -4.6715364 5.298817

-9.056367 -4.2788873 4.250157

-8.587104 -3.9963715 3.55105

-8.840889 -3.814412 2.9716532

-8.826524 -3.7234325 2.7370214

-9.056367 -3.8910267 2.8663085

-9.008483 -3.4935892 2.612523

-8.692449 -3.6611834 2.7274446

-8.793005 -3.4457052 2.3491607

-8.831312 -3.6132994 2.148048

-8.290223 -3.4457052 2.0043957

-8.510489 -3.3690908 2.234239

-8.352472 -3.5558383 2.2246623

-7.820959 -2.909404 1.5016134

-8.769063 -3.3499372 2.6508303

-9.003695 -3.7856817 3.0003836

-8.769063 -3.7856817 3.0674212

-8.505701 -3.6516066 2.9955952

-8.515278 -3.8048353 2.98123

-8.385991 -3.6180878 2.7226563

-8.41951 -3.5127428 2.804059

-8.333319 -3.5893574 2.8232126

-8.56795 -3.6276646 3.1153054

-8.563162 -3.857508 3.0243256

-8.491336 -3.833566 2.3204303

