-1.4715363 -0.35718498 9.6945715

-2.0078373 -1.4824598 9.603592

-1.9120693 -1.3675381 9.397691

-1.6104 -1.5255554 9.062502

-1.9695302 -1.1807903 9.297134

-2.06051 -1.3627497 9.086444

-2.2328923 -1.2095208 9.397691

-2.2089503 -1.3005004 9.383326

-2.0222025 -1.295712 9.651476

-1.9503765 -1.1520599 9.72809

-2.0461447 -0.9557354 9.943568

-1.9072809 -0.6253356 9.761609

-1.8977041 -0.6971616 9.713725

-2.1850083 -0.9605238 9.852589

-2.156278 -1.1089643 9.6466875

-2.2376807 -0.974889 9.661053

-2.017414 -0.9701006 9.48867

-2.204162 -0.99883103 9.57965

-2.06051 -0.66364276 9.589227

-1.6726491 -1.0993875 9.498247

-1.8881273 -0.6205472 9.330653

-1.4954783 -0.55829793 9.584438

-1.7492636 -0.44816464 9.517401

-1.634342 -0.5152023 9.507824

-1.4523826 -0.49604866 9.450363

-1.3757682 -0.405069 9.7185135

-1.1985972 -0.1225532 9.546131

-1.3997102 -0.060303956 9.895684

-1.208174 0.021098902 9.790339

-1.1555016 0.10250176 9.7185135

-1.1650784 0.11207857 9.790339

-1.0932523 0.09771336 9.708937

-1.0980407 0.27488428 9.704148

-0.9160814 0.5574001 9.378537

-1.0214263 0.37065235 9.574862

-0.70060325 0.37065235 9.809493

-0.68144965 0.6004957 9.996241

-0.68623805 0.5574001 10.087221

-0.5234324 0.4712088 9.890896

-0.3462614 0.4712088 9.7424555

-0.49470192 0.7872434 9.8478

-0.37499183 0.7728782 9.354595

-0.116418056 0.63880295 9.675418

-0.1738789 0.95962596 9.603592

-0.28401217 0.94526076 9.5988035

-0.07332243 1.4288895 9.713725

-0.13078327 1.6778865 9.962722

0.036810853 1.4719851 9.948357

0.26186582 1.5150808 9.809493

0.6449381 1.4528315 9.565285

0.2570774 1.7066169 9.661053

0.61620766 1.2517185 9.823858

0.7885902 1.7640778 9.34023

1.1572973 1.9987096 9.55092

0.9178771 2.300379 9.124752

1.0615292 1.946037 9.072079

1.1237785 1.9268835 8.91885

1.2291234 1.8119618 8.41128

1.1333553 2.171092 8.368184

1.2195464 1.9316719 8.430433

1.4110826 2.2477064 8.234109

1.2434886 2.515857 8.535778

1.5882535 2.348263 8.6507

1.6600796 2.3530514 8.784775

1.6744448 2.4823382 9.239674

1.6074072 2.1854572 9.45994

1.8180969 2.4153006 9.215732

1.6840216 2.5637412 9.440786

1.3392565 2.6355672 9.239674

1.7079636 2.1519384 9.36896

1.5164275 2.3626282 9.412056

1.4062942 2.4488194 9.306711

1.5690999 2.4344542 9.254039

1.4302362 2.3434746 9.426421

1.3392565 2.4871266 9.301923

1.439813 2.2764368 9.483882

1.3967174 2.2812252 9.555708

1.3488334 2.5062802 9.445575

1.2243348 2.2620716 9.349807

1.4733319 2.2477064 6.079327

1.1956044 2.2093992 9.0816555

