4.332009 4.191798 7.501483

4.4469304 4.498256 7.3003697

4.3894696 4.225317 7.5350018

4.183568 4.258836 7.7744217

4.197933 4.522198 7.755268

4.1787796 4.18701 7.6020393

4.073435 4.321085 7.5589437

4.2553945 4.388123 7.6164045

4.1308956 4.210952 7.4009266

4.0351276 4.2540474 7.266851

3.9010525 4.0768766 6.8215294

3.8004959 4.0146275 6.1703067

3.7143047 3.3873465 6.1176343

4.015974 3.631555 6.1080575

3.9297829 3.5118449 6.294805

3.8340147 2.6403556 5.820753

2.8092964 2.5924716 6.2900167

3.2450411 2.8414686 5.3419127

2.7709892 3.4687493 5.969194

2.1006126 3.8757637 6.0841155

2.3496096 4.4072766 7.7121725

1.4350246 3.7560534 6.8358946

1.8564042 2.7887962 8.914062

0.9992799 4.3498154 9.043348

1.3344681 4.091242 9.483882

0.9466075 3.7368999 8.94758

1.5451579 2.573318 8.698584

0.1086369 2.6116252 9.301923

-0.26485857 0.8063971 7.918074

-1.0310031 0.35628715 9.680206

-2.003049 0.39938277 9.833435

-1.3039421 0.9069535 12.179753

-2.1897967 1.6443677 14.535647

-2.941576 2.6595092 15.742325

-3.046921 1.7066169 14.669723

-3.0612862 1.0506057 13.759926

-2.443582 -0.079457566 10.74802

-2.3861213 0.0163105 10.005817

-2.797924 0.37065235 9.637111

-2.596811 0.03067571 9.407268

-2.5920227 -0.5726631 9.0816555

-2.620753 -0.6061819 9.06729

-2.6111763 -0.5487211 9.076867

-2.668637 -0.725892 9.254039

-2.3909097 -0.24705169 9.455152

-2.4387937 -0.66843116 9.680206

-2.4531589 -0.65406597 9.594015

-2.4387937 1.1894693 8.449587

-3.142689 -0.6349124 9.704148

-2.5441387 -0.78814125 9.445575

