0.017657237 0.6914754 9.972299

-0.058957215 3.1000423 9.474305

-0.40851066 2.918083 9.421633

-0.09247604 2.1854572 9.732879

-0.3510498 1.2325649 9.828647

-0.7389105 1.0984896 9.589227

-1.0262147 1.7832314 9.435998

-0.4516063 0.983568 9.301923

-0.69102645 0.97399116 9.292346

-0.14514847 0.66753334 8.234109

-0.55216277 0.37065235 8.01863

-0.19303252 -1.5878047 7.1998134

1.4829087 -6.687454 6.112846

-1.7588404 -4.872649 4.408174

-0.80115974 -4.321983 6.127211

-3.4347816 -0.5870283 6.419304

-4.861726 2.6499324 9.187001

-5.565621 1.7305589 11.269957

-6.3748612 2.59726 12.323405

-7.5767508 1.7928082 12.649016

-7.126641 2.6642976 12.423962

-5.6853313 2.4248774 12.165388

-6.0348845 2.7217584 11.126305

-5.656601 1.57733 10.680983

-5.1394534 0.28924948 8.89012

-5.2112794 0.27488428 8.449587

-4.622306 -0.49126026 8.013842

-4.6510363 -0.31408933 7.8989205

-5.110723 -0.079457566 7.405715

-5.14903 0.97877955 7.2764277

-5.230433 0.67232174 6.75928

-6.0779805 0.9931448 4.882226

-5.2831054 1.9987096 2.066645

-4.8234186 5.125537 3.8622963

-7.275081 4.7999253 2.7035027

-7.0739684 4.0002623 3.2110734

-7.5192895 2.2955904 7.3578305

-9.156923 -3.3978212 10.618733

-8.385991 -5.9260983 13.764714

-7.734768 -5.629217 14.301016

-7.246351 -2.0762217 11.6051445

-7.0500264 0.8063971 9.359384

-6.930316 0.73935944 7.999477

-7.7395563 0.44726682 6.706608

-7.677307 0.8351275 6.1559415

-7.059603 1.6156372 5.437681

-6.824971 1.9604023 5.4424696

-6.7100496 1.0841244 6.1655183

-6.963835 1.8837879 6.2038255

-7.3995795 0.49993923 6.8358946

-7.117064 1.3714286 5.983559

-7.0739684 1.160739 6.390573

-6.8393364 0.75372463 6.304382

-6.796241 1.4001591 6.768857

-6.810606 1.1798925 6.553379

-6.748357 0.76330143 6.792799

-7.002142 1.280449 6.6683006

-6.906374 0.5765537 6.9747586

-6.939893 1.4911387 6.7497034

-6.939893 1.0122985 6.5246487

-6.7914524 1.2517185 6.6156282

-6.753145 0.95962596 6.3714194

-6.824971 0.62922615 6.735338

-6.7675104 1.12722 6.6060514

-6.954258 0.36107555 6.73055

-7.150583 0.9165303 6.5677443

-6.939893 0.5574001 6.5438023

-6.820183 0.8063971 6.4480343

-7.026084 0.9165303 6.419304

-7.040449 0.8830115 6.3953614

-7.227197 0.413748 6.783222

-7.236774 0.25573066 6.63957

-6.786664 0.040252518 6.7497034

-6.9494696 0.23657705 6.5677443

-6.8058176 0.22700025 6.5438023

-6.954258 0.43769 6.6539354

-7.0500264 -0.036361936 7.1519294

-7.2176204 0.28924948 6.946028

-6.954258 0.22700025 6.7640686

-6.968623 0.47599724 6.706608

-6.810606 0.73935944 6.6539354

-6.552032 0.27009588 6.9125094

-6.595128 -0.5918167 6.8837786

-6.465841 0.39938277 6.419304

-6.1976905 1.256507 5.9979243

-6.9877768 0.05940613 6.4240923

-7.016507 -0.5487211 7.453599

-6.628647 -0.74983406 7.051373

-6.595128 -0.45295304 7.0322194

-6.5663977 -0.38112697 6.888567

-6.7435684 -0.41943422 7.137564

-6.7914524 -0.6157588 6.6204166

-6.848913 -0.41943422 6.7640686

-6.906374 -0.30930093 6.783222

-6.9877768 -0.09861118 5.9979243

-6.915951 -0.23268647 6.9029326

