1.3871406 6.088006 6.7018194

0.5635352 6.892458 6.8215294

0.33848026 6.4471364 6.7497034

0.86041623 6.7392287 6.4240923

0.525228 6.633884 6.5438023

0.8077438 5.8246436 7.5445786

0.74070615 6.892458 7.7504797

0.29059622 7.27553 8.258051

-0.1690905 8.094347 10.178201

-0.3079542 9.267506 12.136658

0.9801263 8.554034 10.882095

2.5650878 7.4239707 9.201366

2.483685 5.2404585 8.535778

4.9497128 0.49993923 5.2557216

5.830779 -0.045938745 3.88145

5.9169703 -0.725892 3.3643024

5.7014923 -0.18001404 3.2733226

5.533898 1.2086229 4.1831193

5.237017 2.764854 5.26051

5.9409122 2.9228714 5.6723127

6.2473702 3.344251 6.553379

5.7014923 3.358616 7.405715

5.6488194 2.3817818 7.7504797

4.978443 2.4057238 7.3674073

4.0878 0.04504092 5.4137387

5.5434747 -4.12087 3.9197571

3.671209 -10.144682 1.9948189

2.411859 -20.382288 2.8710968

-1.3757682 -19.343204 4.872649

-16.353893 -7.161506 17.312922

-18.834288 10.627413 21.900211

-16.837523 17.240198 20.77015

-12.815264 15.966482 18.620155

-5.896021 10.00492 8.842236

-2.8170776 4.1343374 8.023418

-2.98946 5.173421 7.161506

-9.46817 6.834997 1.2621932

-13.318047 8.635437 -2.5445876

-14.424168 9.588329 -3.8039377

-17.881395 4.9052706 -0.21263504

-25.327362 -14.224401 7.415292

-27.304972 -19.29532 11.217284

-22.195745 -28.924799 13.59712

-10.51683 -15.282639 16.197224

-6.604705 -7.4488106 9.12954

-7.5767508 -5.969194 8.243686

-7.5049243 -2.4640825 6.8119526

-6.944681 0.22700025 5.614852

-8.457817 -1.2047324 5.806388

-7.9598227 -0.78335285 5.4233155

-7.7204027 0.8830115 5.4759884

-8.510489 0.8925883 5.480777

-7.8353243 0.74414784 4.915745

-7.8353243 1.3235446 5.2174144

-7.797017 0.16475101 5.1120696

-7.701249 -0.041150343 5.59091

-7.2894464 0.23178865 5.284452

-7.567174 1.0410289 5.6914663

-7.557597 1.304391 5.945252

-7.155371 0.47599724 5.7297735

-7.155371 0.47599724 5.8351183

-7.4139447 -0.08903438 5.8877907

-7.4139447 -0.08903438 6.103269

-7.6964607 0.38501757 6.064962

-7.370849 0.0163105 5.9644055

-7.370849 0.0163105 6.256498

-7.126641 -0.012419921 6.184672

-7.6102695 -0.974889 6.433669

-7.284658 0.13602059 6.342689

-7.284658 0.13602059 6.3091702

-7.260716 -0.6157588 6.5677443

-7.2319856 0.40417117 6.208614

-7.0739684 -0.1273416 6.1894603

-7.198467 -0.13213001 6.6683006

-7.198467 -0.13213001 6.792799

