0.52043957 6.0353336 6.9603934

0.63536125 7.356933 6.965182

0.41509473 5.6426845 7.918074

0.60184246 7.1989155 7.027431

0.5300164 6.624307 7.6020393

0.4007295 6.3513684 7.6547117

0.8747814 6.7488055 6.9747586

0.47734398 6.4950204 7.563732

0.3911527 8.036886 8.732102

0.2379238 11.5132675 10.542119

0.7933786 14.467712 11.389667

1.1764508 12.423063 10.245238

1.6792332 8.764724 8.832659

2.1149778 4.761618 6.3953614

4.054281 1.2086229 1.889474

3.96809 -1.1568483 0.75941086

2.6464908 -1.5111902 -1.3666402

6.386234 -0.026785132 -4.6850038

12.534544 -3.800047 -7.4957967

4.111742 -4.274099 -3.1239843

2.4166474 -6.4480343 -3.4926913

3.1923687 -14.37763 -2.7217584

-0.911293 -15.857246 4.6140757

-7.6198463 -13.673735 16.182858

-8.92708 1.4049475 27.478703

-0.38456866 18.91614 18.663252

-1.8593969 14.257022 10.379313

-2.309507 9.411158 7.7983637

-1.1650784 4.4407954 -0.9021651

-1.4763247 2.0657473 -6.054487

-2.1897967 -1.1472715 -9.296236

-25.921124 6.418406 -7.1749735

-28.818108 3.727323 -7.179762

-32.854733 1.8933647 -5.6426845

-44.696453 -13.941885 3.3786676

-40.65983 -21.196316 18.835634

-18.240524 -12.81661 22.230612

-14.002788 -8.569297 18.289755

-8.156147 -0.75941086 10.048913

-10.670059 -2.0953753 8.066514

-10.512042 1.9987096 2.579004

-11.905467 4.009839 0.49126026

-9.899126 4.153491 2.17199

-11.014824 1.969979 3.8192005

-8.577527 4.943578 1.520767

-9.607034 0.7249942 4.915745

-10.99567 1.9604023 2.1672015

-10.526407 3.1096191 2.0139725

-8.620623 1.4288895 4.264522

-8.151359 2.2524948 3.3451488

-7.964611 2.2716484 4.1352353

-7.380426 1.4911387 4.2836757

-7.107487 3.0042741 4.786458

-6.6478004 1.9843442 5.3658547

-6.6142817 2.1279964 5.3897967

-6.786664 2.7552772 5.528661

-6.844125 2.5876832 5.935675

-6.40838 2.1184196 5.8111763

-6.3269773 1.850269 6.8119526

-6.628647 2.4583962 6.720973

-5.7810993 2.324321 6.807164

-6.0779805 1.5821184 7.013066

-6.518513 2.6595092 6.649147

-6.595128 3.0282161 6.855048

-6.480206 2.5062802 7.123199

-6.4993596 2.6307788 6.2852283

-6.0013657 2.2477064 7.065738

-6.3557076 1.7832314 6.8119526

-6.5472436 2.693028 6.8981442

-5.982212 2.4823382 6.9843354

-6.0348845 1.5485996 7.3338885

-6.3030353 3.1383495 6.294805

-5.8529253 3.1958103 6.409727

