-0.11162966 6.940342 6.4863415

0.012868834 7.5197387 6.5102835

-0.33189622 7.3282027 7.2285438

-0.015861586 7.6490254 7.1902366

0.14694414 7.1893387 7.353042

0.3672107 7.050475 7.266851

0.5587468 7.0217447 7.041796

0.07032967 7.854927 8.028207

0.3672107 8.831761 7.8175173

1.0567408 9.818172 6.94124

0.54917 8.252364 7.7265377

1.9521722 8.439112 6.4959183

1.8180969 6.1789856 6.6778774

2.684798 4.8382325 6.294805

3.9249945 3.3873465 5.4903536

4.0351276 0.84949267 5.0881276

3.680786 -1.3675381 4.082563

3.1061773 -4.298041 2.9668648

1.68881 -6.467188 2.7657518

-0.5377976 -14.626627 0.32845455

-1.9695302 -10.125528 -2.4248774

-4.48823 -3.2014966 5.758504

-20.433613 13.050344 20.79409

-12.939762 16.225056 24.289625

-8.572739 13.409474 19.180399

-6.7675104 10.301801 13.783868

-5.3788733 6.064064 8.904485

-5.8050413 1.7736546 -1.4959271

-9.43944 2.7217584 -8.003367

-10.617387 8.980202 -13.691991

-16.526276 8.774301 -12.418275

-28.262653 3.7943609 2.7274446

-35.186684 -15.593884 23.207445

-20.352211 -15.028853 24.567352

-12.250233 -9.052925 19.381512

-8.587104 -2.9285576 9.000253

-7.346907 -0.42901102 5.4759884

-8.476971 -0.5774515 3.9101803

-8.529643 2.1327848 2.9046156

-8.333319 2.6642976 3.8048353

-8.022072 2.5206454 3.8383543

-8.405145 3.344251 4.1735425

-8.860043 0.8399159 4.772093

-8.529643 3.430442 5.2174144

-8.802582 0.24136546 5.9883475

-8.26628 1.57733 5.945252

-7.9454575 3.071312 5.59091

-7.370849 1.754501 5.6340055

-6.4849944 3.8709753 4.7912464

-5.71885 2.0896893 4.958841

-7.054815 1.0122985 5.71062

-7.1841016 1.6635213 5.902156

-7.591116 1.0266637 6.5342255

-7.356484 1.9077299 5.854272

-7.0356607 1.5102924 5.820753

-7.227197 2.0274398 5.969194

-7.236774 0.4185364 6.5342255

-7.3660607 1.3570634 6.5246487

-7.0117188 1.6635213 6.1463647

-6.844125 1.1942577 6.2277675

-6.810606 1.8981531 6.1703067

-7.2176204 1.0984896 6.467188

-7.155371 0.85428107 6.7880106

-6.8632784 0.08334815 7.2141786

-7.806594 1.2038345 6.768857

-5.8194065 2.017863 5.4903536

