-0.58089316 7.390452 5.9404635

-0.5042787 7.107936 6.2612863

-0.21697453 7.8214083 6.380996

0.54917 7.5915647 6.539014

-0.0062847794 7.629872 7.0561614

0.5635352 7.1749735 7.204602

0.84605104 8.161385 7.3865614

0.15173253 9.334543 8.406491

-0.5042787 9.669732 9.632322

0.12300211 9.64579 10.527754

0.31932664 8.712051 9.210943

1.4829087 6.217293 8.286781

2.7709892 4.0385695 6.419304

3.1157541 2.4392426 5.226991

4.432565 2.1327848 2.8136358

4.102165 0.27967268 2.8232126

3.9010525 -0.9557354 2.5981576

4.3511624 -5.078551 2.98123

2.3496096 -15.4262905 4.096928

-0.89213943 -13.041666 3.2110734

-4.330213 -10.805481 3.5175312

-5.728427 -5.236568 8.564508

-12.513595 20.209007 25.71178

-10.679636 20.218584 23.46602

-7.500136 14.02239 18.706347

-5.5799866 10.148572 13.740772

-2.3765445 4.747253 5.298817

-2.7931356 2.515857 2.3252187

-4.732439 3.8949172 -2.5781064

-7.155371 6.8062663 -7.716063

-20.53417 12.030415 -12.643331

-24.034492 4.531775 -7.998579

-32.634464 -5.7776575 -0.8399159

-35.895367 -17.820492 18.361582

-13.523948 -12.1462345 22.556223

-10.2774105 -10.087221 19.53474

-8.965387 -5.7632923 12.644228

-7.5863276 -1.1616367 5.461623

-8.103475 2.7073932 0.3954922

-7.6006927 2.7600656 0.678008

-9.717167 0.66753334 1.7123032

-8.3668375 3.7943609 1.9708769

-9.453805 0.8063971 2.9477112

-8.994118 1.7066169 3.3690908

-9.58788 2.4823382 3.5223196

-8.850466 0.8973767 3.608511

-9.927856 -0.18001404 4.3411365

-9.492112 -0.8408137 3.9149687

-9.391556 0.97399116 4.748151

-8.764275 2.6403556 4.8391304

-9.003695 0.09292495 4.4943657

-8.797793 1.778443 4.4369044

-8.802582 1.8550574 4.336348

-9.094674 0.22221185 4.5661917

-8.596681 1.6587329 3.9436991

-8.050802 1.0362405 4.8056116

-8.122628 1.3857939 4.4704237

-7.299023 1.0649709 4.5183077

-7.615058 0.8447043 5.8638487

-7.1841016 2.0513818 5.0402436

-7.322965 0.63401455 5.6818895

-7.4330983 0.6818986 5.969194

-7.5623856 1.2373533 5.6818895

-7.3421187 -0.14649522 6.199037

-7.8832083 0.413748 6.481553

-7.260716 1.1798925 5.9260983

-7.203255 0.65316814 5.9644055

-7.150583 1.1894693 6.1655183

-7.06918 0.7154174 6.1224227

-7.452252 0.7968203 6.28044

-7.3038116 0.62443775 6.2852283

-5.7475805 0.38022915 6.4384575

-8.32853 -0.7977181 7.233332

