1.7271173 2.8366802 9.230097

1.7941549 2.4727614 9.55092

2.0479403 2.4583962 9.239674

2.0287867 2.324321 9.345018

2.1437082 1.6539445 9.546131

2.3591864 1.5246576 9.335442

2.2490532 3.5070565 9.589227

1.8755578 2.4823382 11.825411

1.4493898 2.621202 11.949909

2.3352444 2.171092 12.323405

3.1492732 -1.4393641 11.097574

5.2561707 -2.732233 6.706608

6.6448073 -3.8718731 4.1160817

7.1188593 -4.3650784 2.483236

6.898593 -5.107281 0.20874447

4.5426984 -5.2652984 -6.2125044

3.125331 -6.687454 -10.03365

2.2729952 -5.447258 -13.792547

0.17088614 -4.6571712 -17.244986

-5.1203 -11.413609 -12.844443

-20.768803 -13.132646 7.6547117

-17.345093 -28.50342 24.462008

-11.014824 -12.687324 30.897621

-3.9088335 -9.900473 20.233847

-5.4890065 -0.7306804 15.234755

-7.002142 6.0832176 10.47987

-8.2950115 12.408698 8.334665

-19.51424 10.828526 -0.6052841

-21.448755 -1.223886 0.78335285

-22.823027 -17.542765 5.346701

-24.527699 -13.223625 8.784775

-14.390649 -12.802245 21.110125

-3.7412395 -1.1281179 18.347216

-5.0388966 -5.030667 11.667394

-5.216068 0.43769 7.027431

-5.8050413 0.8351275 6.1798835

-4.837784 4.2684126 4.2070613

-4.8234186 1.9268835 5.2796636

-5.9630585 1.1224316 7.2620625

-5.3692966 2.0657473 6.802376

-6.5089364 0.686687 8.334665

-5.9008093 2.918083 7.965958

-5.5225253 1.7880198 7.573309

-5.776311 2.9037178 7.4248686

-5.1298766 2.1998224 7.156718

-5.0484734 2.549376 7.788787

-5.2974706 2.0801125 7.4009266

-5.766734 2.5014918 7.6882305

-5.5464673 1.6443677 7.42008

-5.632659 2.3338978 7.645135

-5.436334 2.4823382 7.3817725

-5.4267573 2.2955904 7.611616

-5.374085 1.6539445 7.3674073

-5.2352214 1.8311154 7.918074

-5.6135054 2.1088428 7.975535

-5.374085 2.573318 7.563732

-5.1155114 1.8694227 7.645135

-5.886444 2.942025 7.525425

