0.72634095 -0.4433762 8.880543

-0.37020344 -0.09382278 9.512612

-0.5282208 -0.1273416 9.225308

-0.5090671 -0.11776479 9.277981

-0.67187285 -0.21832126 9.206155

-0.48512512 -0.060303956 9.373749

-0.37978023 -0.041150343 9.627534

-0.7149685 0.040252518 9.383326

-1.0214263 0.121655375 9.119964

-1.0501567 -0.17043723 8.540566

-0.14036007 -1.0898107 8.732102

0.42467153 -0.9653122 8.861389

0.43903673 -0.20395605 10.350583

-1.552939 2.2285528 21.114914

-5.728427 2.7696424 27.732487

-3.0325558 4.8717513 27.287167

-3.1857846 0.9117419 25.98472

-4.545691 -5.083339 12.802245

-4.9048214 -5.7872343 6.9268746

-5.1538186 -5.5861216 -5.89647

-3.3390136 -5.1599536 -8.161385

3.2737715 -0.5678747 -5.767183

8.651149 -4.2070613 -1.9747674

6.6687493 -4.0155253 1.6548423

7.774871 -6.0505967 2.148048

9.24491 -13.405584 3.800047

7.5354505 -16.225954 5.868637

3.647267 -14.262709 10.317064

-8.754698 -11.562049 18.198776

-7.5719624 1.8742111 17.662476

-9.803358 5.4511485 17.221941

-4.5169606 19.189077 11.609933

-3.5497034 13.088652 6.2612863

0.58268887 4.311508 2.7370214

1.2961609 3.6267667 1.2909236

0.11342531 3.1239843 0.5152023

-1.4811131 1.9508255 -1.2086229

-3.746028 1.3666402 -0.94047236

-4.047697 -2.0283377 9.215732

-6.8776436 -4.5853453 11.284322

-15.554231 -9.881319 20.296097

-6.7435684 -6.1319995 27.100418

-4.057274 -1.8272249 21.531506

-3.9854481 -0.89348614 15.311369

-4.4211926 0.3036147 10.925191

-7.6916723 5.0632877 6.931663

-9.889549 6.34658 6.9603934

-11.62774 6.6386724 7.9228625

-12.9684925 4.6945806 7.037008

-7.275081 2.6499324 -3.1622915

-10.081085 -18.495657 13.5396595

-9.994894 -28.599188 12.179753

-0.35583824 -19.75022 6.270863

0.76464814 -7.242909 7.9851117

-0.8490438 -4.4273276 7.707384

-1.7444752 -3.359514 7.951593

-2.0317795 -0.78814125 8.712949

-2.2807765 -0.17043723 9.43121

-2.1897967 0.50951606 8.210167

-0.9639655 0.710629 8.53099

-1.0980407 1.4719851 9.378537

-0.9639655 1.2996026 9.0577135

-2.036568 0.7010522 10.226085

-2.1371243 1.2325649 10.24045

-1.6199768 1.5581764 9.507824

-1.3757682 0.7202058 9.981875

-1.1890204 0.7154174 9.637111

-1.4044986 -0.20395605 9.43121

-1.1746552 0.33713353 9.536554

-1.2656349 -0.2853589 9.555708

-1.5577275 -0.09861118 9.69936

-1.5864578 0.11686697 9.814281

-1.2033856 0.4281132 9.708937

-3.1618426 -0.5056255 10.182989

-1.2847885 1.1176432 9.34023

