-0.26485857 1.3857939 8.693795

-0.7389105 0.93089557 9.359384

-0.28401217 1.0697592 8.55972

-0.40372226 1.3666402 8.229321

-0.55216277 -0.38112697 9.201366

-0.22655134 -0.79292965 9.254039

-0.1882441 -0.1273416 8.789563

-0.7197569 0.710629 7.740903

-1.1171944 -0.9461586 4.3315597

-1.1171944 -1.865532 3.2828994

-2.371756 -3.6468182 4.499154

-5.2735286 -6.8933554 6.2852283

-6.872855 -5.0881276 8.961946

-9.449017 -2.8950388 14.602685

-12.513595 -12.720842 18.624945

-13.681965 -16.949003 22.575377

-14.610915 -9.028983 21.60812

-15.817593 -10.556484 18.945766

-15.16637 -9.258827 13.668946

-11.29734 -5.4520464 6.754492

-6.8393364 -9.196578 -4.445584

-1.6295536 -2.5885808 -11.010485

3.5850177 2.1998224 -9.851691

4.4134116 -3.4457052 -4.579659

8.119636 -8.995464 0.678008

10.231321 -11.921179 0.4433762

9.09647 -14.789433 0.98925424

2.5507226 -15.292215 5.6340055

-4.842572 -8.066514 17.284191

-17.278055 -1.5782279 10.518177

-12.949339 6.480655 14.166941

-5.311836 10.842891 16.38397

-1.8546085 6.5189624 5.418527

-0.068534024 2.1327848 2.86152

0.07032967 1.7161937 2.4640825

-0.1882441 2.0274398 0.9605238

-0.9400234 2.3865702 -4.8238673

-1.8737621 -4.034679 1.7123032

-5.292682 -4.5757685 11.97864

-10.4881 0.2988263 15.201236

-10.4881 -2.9429228 29.384487

-8.917503 5.6762033 17.336863

-2.7931356 3.3107321 12.179753

-2.7931356 5.709722 7.1662946

-7.797017 6.279542 4.0442557

-7.797017 6.4231944 2.387468

-10.454581 3.7177463 0.405069

-14.95568 5.3027077 -0.24615386

-10.018836 -4.0298905 11.949909

-6.0444613 0.04504092 19.405455

-19.45199 -6.625205 21.651215

-3.7077205 -10.341006 18.739866

-1.634342 -2.306065 8.444798

-2.6590602 -0.31408933 6.5916862

-1.9407997 4.555717 5.7154083

-3.463512 2.9037178 7.123199

-3.1857846 4.498256 7.2860045

-3.7747583 3.8949172 8.382549

-3.5066078 3.9571664 8.904485

-3.2001498 2.9037178 8.736891

-3.1043818 4.09603 8.497471

-2.9463644 3.1239843 8.636334

-2.9032688 3.0856771 8.612392

-2.9846716 3.7081695 8.147918

-2.6830022 3.9571664 7.9851117

-2.6399066 3.3873465 8.377761

-3.2336686 3.0856771 8.334665

-2.9750948 4.191798 8.028207

-2.620753 3.071312 8.401703

-2.8889036 4.057723 8.535778

-2.6159647 3.751265 8.085668

-2.7596169 2.9372365 8.751256

-2.5824459 3.6650739 8.028207

-2.5441387 2.4823382 8.612392

-2.668637 3.262848 8.641123

-2.7356746 3.2676363 8.497471

-2.8266544 3.502268 9.12954

-2.8649616 3.0521584 8.914062

-2.7548282 3.928436 8.578874

-2.4818892 -0.08424597 10.09201

