-2.644695 3.2676363 7.7600565

-3.6742017 3.1000423 8.29157

-3.3725324 3.0617352 7.6786537

-3.2049382 2.9324481 7.305158

-3.2815528 2.6547208 7.017854

-3.4108396 1.7640778 7.233332

-3.2001498 1.9508255 6.5725327

-3.1522658 0.7297826 5.8973675

-3.3773208 -0.3859154 5.3131824

-4.1003695 -0.89827454 4.834342

-6.4849944 0.74893624 5.6004868

-7.5480204 0.8303391 5.6435823

-10.167276 -1.7889175 8.353819

-14.639646 -5.6100636 10.154259

-25.791838 -8.234109 17.782185

-31.24104 -3.6468182 19.079842

-29.186815 2.0944777 17.686417

-24.34574 -1.2765584 14.569166

-16.104897 -10.791116 -0.1599626

-12.91582 -11.844564 -0.6962638

-6.3317657 -9.435998 -3.5309987

-0.9160814 -9.852589 -11.278635

4.609736 2.3147442 -3.0569468

4.9592896 0.7776666 -0.20784664

5.8212023 -0.66364276 0.007631518

7.2816653 1.1703157 -1.5390228

8.813954 -7.942016 -14.271387

22.226273 -20.85634 -14.477289

7.966407 -7.927651 -6.049699

9.240122 -11.097574 -6.9499187

0.8795698 -16.8676 11.495011

2.2682068 -16.111032 11.911602

4.1165304 -12.026524 9.0577135

4.6049476 -7.918074 7.999477

3.053505 -1.5159786 -0.11686697

1.4254478 0.710629 -0.32276833

-0.4659715 1.4384663 0.43379942

-1.9551649 0.2605191 -0.9165303

-4.981436 -0.5247791 -1.3953707

-6.5328784 -8.3203 -2.7217584

-1.9886838 -21.890635 -1.5821184

-1.2800001 -26.97592 -3.262848

5.1987095 -27.885715 1.0802339

2.7901428 -18.16047 1.9182044

0.19482817 -14.799009 1.9708769

-2.7500398 -9.799916 1.4345757

-9.626187 -4.8870144 2.5933692

-10.603022 -6.103269 4.523096

-12.9445505 -1.295712 3.8192005

-14.108132 7.677756 0.950947

-8.759486 3.0282161 12.1941185

-11.757027 -5.131223 22.704664

-13.203125 -19.434185 20.425385

-3.5832222 -9.052925 17.523611

-0.9304466 -4.934899 9.364172

-0.32231942 -1.9948189 8.497471

-2.0317795 2.1375732 7.7935753

-2.6255414 1.6347909 7.4583874

-2.5393503 3.1000423 8.090456

-3.0134022 3.0617352 7.803152

-2.8314428 2.5350106 8.435222

-2.8027124 3.1814451 9.052925

-2.5393503 2.5541644 9.364172

-2.3430257 3.502268 8.808717

-3.0660746 2.989909 9.0337715

-3.2001498 3.3298857 9.086444

-2.9224224 3.0521584 8.219744

-2.6063879 3.5980363 8.071302

-2.5585039 2.8366802 8.44001

-2.4771008 3.1000423 8.339454

-2.5920227 2.5302222 8.904485

-2.6877906 3.0904655 8.803928

-2.692579 2.6738744 8.698584

-2.7691936 2.8989294 8.971522

-2.7883472 2.8079498 8.775198

-2.7691936 2.8271034 9.124752

-2.7835588 2.8079498 9.0098295

-2.821866 2.6116252 8.818294

-4.531326 3.8757637 8.574085

-3.046921 5.3936877 8.205379

-3.3294368 3.2005987 8.507048

-2.5201967 3.238906 8.765621

-2.6351182 3.1814451 8.339454

-2.797924 2.8271034 8.775198

-2.8793268 2.7217584 8.952369

-2.6734254 3.1622915 8.669853

-3.0038254 2.7217584 8.751256

-2.8505964 3.2867901 8.641123

-2.6877906 3.0761003 8.693795

-3.2336686 2.26686 8.746468

-2.8122892 3.0282161 8.928427

-3.343802 2.7265468 9.014618

-3.1091702 3.6890159 8.775198

-3.0325558 3.7560534 8.401703

-3.3773208 3.0665236 8.727314

-3.0756514 3.382558 8.483106

-1.0884639 6.370522 10.2835455

-2.5201967 3.8470333 8.262839

