-0.7197569 -6.199037 7.3195233

-1.7588404 -5.4281044 7.6499233

-1.3901334 -5.878214 7.453599

-1.2129624 -5.394585 7.3674073

-1.409287 -5.6004868 7.017854

-1.6918027 -5.724985 7.161506

-1.7636288 -6.366631 7.6307697

-1.6295536 -5.959617 7.5541553

-1.3757682 -4.9540524 6.816741

-1.0932523 -3.8048353 5.844695

-0.69102645 -2.5933692 4.7673044

-0.8490438 -3.5845687 5.854272

-2.3861213 -13.56839 12.366501

-3.31986 -29.394064 15.4023485

-3.8226423 -31.031696 13.774291

-2.4723125 -26.305544 10.74802

-8.582315 -20.679169 -1.2900258

-9.094674 -9.613169 -3.8422449

-6.786664 -1.2526164 -4.617966

-4.742016 2.1327848 -3.3969233

0.9992799 6.4231944 -7.3856635

4.063858 4.0529346 -10.306589

5.203498 0.95962596 -11.149348

9.331101 -0.9461586 -12.255469

3.7334583 -5.724985 -18.58574

-1.112406 -14.195671 -12.786983

-5.5273137 -12.476634 -4.541352

-7.782652 -16.36003 6.9125094

-0.37020344 -11.748796 18.620155

-0.9783307 -7.8654013 13.874847

-0.79158294 -4.1400237 9.263616

-0.7101801 -2.4688709 4.2932525

0.31453824 -0.65406597 -3.4495957

0.49649757 7.251588 -1.6204256

-2.2281039 -2.033126 -1.079336

-2.821866 -16.407913 4.4464817

3.7478235 -30.835373 14.8852005

1.9856911 -12.625074 12.165388

-0.99269587 -4.4800005 5.629217

-6.0205193 1.0410289 1.9613001

-6.9111624 2.59726 2.0043957

-9.578303 4.7520413 1.6309003

-10.588656 7.1845503 2.353949

-13.854347 4.857386 9.641899

-16.511911 -5.8159647 18.893095

-12.116157 -9.45994 19.051111

-4.842572 -6.7880106 17.293768

-2.8410196 -2.684349 10.9922285

-3.4443583 -0.22310968 9.833435

-4.708497 2.8654106 8.636334

-4.267964 2.2572832 7.621193

-4.387674 3.205387 7.3817725

-4.258387 2.5828948 7.7600565

-4.3733087 1.8071734 7.7983637

-3.6981437 3.4352305 7.918074

-4.023755 2.0801125 8.607604

-2.9607296 3.6602855 7.851036

-3.8130655 3.320309 7.918074

-3.4587235 2.372205 8.162283

-3.1762078 3.0425816 7.716961

-3.3485904 2.1806688 8.3969145

-3.2288802 2.621202 8.358607

-3.0995934 3.0282161 8.238897

-3.4347816 2.7361236 8.823082

-3.2001498 2.7457004 8.669853

-3.4012628 2.4775498 8.746468

-3.43957 2.7552772 9.124752

-3.238457 2.5302222 8.636334

-3.238457 2.846257 8.449587

-2.7644053 2.4583962 9.349807

