-2.845808 3.1622915 7.3338885

-2.6638486 3.5070565 7.6499233

-3.1043818 3.2724247 8.052149

-2.7548282 3.5740943 8.157495

-2.845808 2.8606222 7.860613

-3.0660746 3.3059437 7.4823294

-2.9607296 3.7368999 7.1902366

-3.2480338 2.0322282 7.9611697

-2.740463 0.8925883 6.222979

-2.5297735 0.38501757 5.983559

-3.4204164 -1.2813468 7.2716393

-3.9902365 -2.0714333 9.100809

-7.0643916 -0.16086042 13.601909

-9.884761 4.8717513 20.147655

-14.515147 4.167856 23.873034

-16.33474 0.13123219 27.72291

-15.070601 -0.85996735 18.21314

-11.843218 -6.989124 8.032995

-7.797017 -10.95871 2.2725463

-3.0517094 -6.304382 3.967641

1.439813 -4.0298905 -4.21574

2.5986066 -0.050727148 -2.9324481

3.4030585 0.33234513 -0.38980597

4.9688663 -0.974889 1.6883612

11.409269 -6.112846 1.1760019

11.667843 -17.10702 -0.4233248

7.6312184 -15.052795 5.9548287

-0.6287772 0.85428107 7.491906

-3.487454 6.7583823 17.786974

-3.5736454 11.518056 12.649016

0.07990648 12.839655 6.931663

0.13257892 7.912388 3.5654151

-0.7484873 1.3426982 -3.7129579

-0.7532757 -1.8080711 -5.9970264

-4.6318827 -3.158401 -5.858163

4.648043 -4.8104 -2.7552772

-5.556044 -10.326641 8.128764

-7.1697364 -31.86488 0.021996727

-12.585421 -40.225433 10.082432

-3.8513727 -23.173927 10.86773

-2.5776575 -16.570719 11.284322

-2.0796635 -9.828647 6.965182

-3.951929 -4.5661917 4.2070613

-6.054038 -4.106505 1.664419

-12.346001 -6.682666 2.2964883

-14.80724 -8.056937 3.2014966

-15.5638075 -7.788787 2.353949

-15.209466 -5.5382376 -1.0745476

-7.1122756 -9.933991 -4.163068

-7.6342115 -18.12695 -7.3617215

0.62099606 -23.70544 -9.559599

0.022445641 -16.302568 -4.910059

-1.361403 -10.815058 2.104952

-1.9407997 -9.0577135 3.5414732

-2.1658547 -8.29157 4.714632

-2.467524 -8.229321 6.7640686

-2.2376807 -1.8368016 6.079327

-2.017414 -0.6205472 8.454375

-2.1371243 0.0163105 9.273192

-1.4859015 0.9931448 8.89012

-2.2328923 -0.8312369 9.637111

-1.16029 0.07855974 9.354595

-1.634342 -0.45774144 9.153482

-2.146701 -1.3962685 9.584438

-1.777994 -0.10818799 9.512612

-1.7732056 -0.88390934 9.206155

-1.9551649 -1.6117467 9.36896

-1.825878 -0.21832126 9.412056

-2.098817 -1.4154221 9.277981

-1.9072809 -0.66364276 9.402479

-1.9743186 -0.9701006 9.57965

-1.9934722 -1.520767 9.723302

-2.170643 -1.5878047 9.704148

-2.5345619 -2.3587375 8.966734

