1.664868 4.2444706 7.39135

-0.935235 4.115184 8.894908

0.055964466 4.0289927 8.3490305

0.09427169 4.78556 8.286781

-0.14036007 4.201375 8.550143

-0.48033673 3.9188592 9.028983

0.252289 3.583671 9.345018

0.72634095 1.7305589 9.48867

0.59226567 0.5813421 9.675418

0.61141926 0.13602059 10.776751

1.1525089 -0.405069 9.215732

2.5219922 -0.8503905 8.818294

3.005621 -2.6891375 8.416068

3.920206 -5.2317796 8.377761

4.7533884 -4.4560585 7.027431

4.571429 -10.1877775 3.2876878

4.5187564 -11.820622 2.5215433

3.814861 -12.534095 -0.54782325

3.5323453 -14.25792 -2.8749874

-2.5010428 -16.015265 -16.311247

-5.9774237 -14.794221 -20.137182

-14.874277 -14.253132 -24.84897

-23.771132 -17.743877 -21.583279

-28.26744 -19.726276 -4.594024

-19.557337 -13.874847 3.728221

-13.883078 -14.775067 10.700136

-14.9030075 -12.965051 13.051243

-4.186561 -9.512612 9.574862

1.1572973 -7.2860045 5.8111763

6.391022 -10.163836 2.2294507

7.152378 -9.3115 -2.4727614

3.8531682 -9.96751 -2.0944777

3.302502 -9.052925 -2.195034

3.2977135 -9.574862 -0.8638579

3.2402527 -9.93878 0.36197338

2.8140848 -10.704925 2.0474913

2.306514 -12.366501 2.8232126

2.8188732 -10.077643 2.353949

3.1540616 -8.813505 5.0258784

1.842039 -1.472883 6.7161846

1.142932 0.95483756 8.406491

1.0902596 0.9117419 9.000253

-0.9496002 -2.8327894 13.314605

1.0280104 1.079336 10.09201

0.6976105 1.9173067 10.048913

4.408623 7.2803183 4.1974845

3.134908 1.7640778 8.162283

3.3312323 2.4296658 7.5302134

3.206734 2.4631846 8.258051

1.8516158 1.7114053 10.14947

1.5595231 1.4815619 9.775974

1.8564042 1.9029415 9.871742

2.033575 1.5150808 9.412056

2.0192099 1.3666402 9.258827

2.3831284 1.6635213 9.0098295

2.1532853 1.1320084 9.498247

1.8803462 1.8454806 9.426421

1.7414825 1.1990461 9.407268

1.865981 1.3235446 9.680206

2.7231052 -0.46252984 10.044125

-0.11162966 2.6882396 9.373749

