0.61141926 5.163844 8.066514

0.85083944 4.5605054 8.334665

0.6688801 4.3258734 8.732102

0.9322423 4.3402386 8.478317

0.43424833 4.167856 8.3969145

0.6688801 4.5126214 8.090456

0.58747727 5.4990325 8.550143

0.74549454 8.386439 7.549367

0.72155255 7.8357735 8.042572

0.44382513 6.3370028 9.287558

0.084694885 1.57733 9.680206

-0.23133974 1.8454806 8.181437

0.22355859 -3.905392 8.229321

-0.33189622 -7.6882305 7.487118

2.2251112 -16.71916 0.70195

-0.04938041 -17.312922 2.090587

-4.9287634 -16.580296 2.2055087

3.8340147 -11.303475 0.45295304

4.523545 -10.71929 -3.751265

4.2027216 -11.059266 -4.866963

2.6129718 -10.580426 -10.143784

-5.517737 -17.715147 -13.45257

-16.009129 -23.202658 -14.194773

-22.995409 -25.620802 -8.62586

-30.422224 -21.99598 -2.7935846

-30.925005 -12.016947 17.935413

-12.508806 7.1175127 25.92726

-10.2534685 0.4712088 23.978378

-7.538443 2.6834512 17.877953

0.21398178 -2.2533927 12.294675

2.7183168 -10.465505 4.226215

2.7853544 -8.430433 3.7952585

4.284125 -6.5964746 4.0538325

3.3695395 -7.8893437 5.5861216

3.3695395 -4.93011 6.017078

3.029563 -6.256498 6.826318

3.005621 -8.080879 6.754492

3.0199862 -6.0745387 7.467964

1.5116391 -3.3307834 9.12954

1.4541782 -2.6987143 9.388114

1.6744448 -2.219874 9.3115

1.8994998 -2.2773347 9.503036

1.6744448 -0.007631518 9.684995

1.7319057 -0.6253356 9.483882

2.0144215 -0.08424597 9.6466875

2.0670938 -0.36197338 9.517401

1.6792332 -1.5064018 9.531766

1.9330186 -0.67321956 9.325865

1.9186534 -0.98446584 9.440786

1.6026188 -1.295712 9.512612

2.7949312 0.24136546 7.764845

0.9083003 -0.91263974 9.780763

0.065541275 0.7776666 9.756821

