0.29059622 4.249259 8.162283

0.1086369 3.6267667 8.430433

0.252289 4.282778 8.20059

0.3911527 4.833444 7.942016

0.19003975 4.043358 8.693795

1.3967174 3.5309987 9.828647

1.1381437 4.009839 9.986664

1.5834651 4.191798 9.526978

1.214758 3.119196 10.446351

3.503615 1.9125183 8.698584

4.159626 1.3810055 8.631546

4.0303392 -1.7266684 8.17186

5.5291095 -5.38022 8.090456

6.1132946 -12.81661 8.363396

7.5737576 -21.656004 10.877307

0.32890347 -22.307226 15.297004

-10.181642 -23.533058 17.293768

-24.321796 -1.6883612 15.885977

-22.722471 6.3513684 9.6466875

-18.46558 11.225963 9.263616

-13.81604 15.224279 8.89012

-6.1737485 7.974637 6.457611

-2.371756 4.761618 8.392126

-1.1219828 7.0073795 8.660276

0.11342531 4.474314 7.0561614

1.439813 3.5884595 8.358607

2.4693198 2.5350106 8.46874

1.4685434 2.9707553 9.7185135

1.4876971 3.1862335 9.876531

1.5355811 2.8893526 10.005817

1.6361376 2.740912 9.373749

2.330456 3.454384 8.847024

1.8851346 3.4687493 8.6507

2.1389198 2.7552772 9.024195

2.1245546 2.8989294 8.861389

2.2442648 2.6307788 9.043348

1.9473838 2.4057238 9.287558

2.3160908 3.205387 8.851812

1.7893665 2.5302222 9.258827

2.2298996 3.2101755 9.000253

1.7271173 3.320309 8.813505

1.6552912 3.344251 9.096021

1.937807 3.5405755 8.779986

1.6552912 3.0808887 9.12954

1.8994998 3.320309 8.779986

2.0958242 3.478326 8.564508

1.367987 2.5110686 10.250027

