0.52043957 4.661062 7.338677

-0.7053917 5.149479 8.305935

-0.26964697 5.221305 8.176648

-0.0398036 5.044134 8.085668

-0.22176293 4.7185225 8.272416

0.22834699 4.886117 8.44001

0.16130935 4.21574 8.425645

0.20919338 4.9052706 8.626758

0.42945993 4.900482 8.406491

1.1572973 3.2820017 8.545355

2.6417024 2.894141 8.449587

3.2737715 0.75372463 7.8845553

4.183568 -0.6827964 7.851036

5.380669 -3.0003836 7.587674

6.00795 -7.2524858 6.055385

6.0989294 -10.182989 6.256498

5.1508255 -10.891672 6.1894603

5.179556 -14.913931 3.455282

-3.0804398 -16.14455 7.53979

-6.1258645 -17.188423 7.2716393

-11.570279 -15.359253 7.2764277

-17.029058 -10.408044 11.183765

-12.2119255 6.1885624 9.972299

-9.391556 4.2444706 10.561273

-7.06918 4.239682 10.427197

-3.1283238 4.258836 10.709713

-0.6431424 1.850269 9.402479

0.9657611 0.6818986 10.163836

1.190816 -0.18001404 10.154259

1.0567408 -0.78335285 10.005817

1.4110826 0.49515083 9.383326

1.4733319 0.054617725 10.192566

0.3576339 0.13123219 10.130317

0.3576339 0.93089557 9.713725

0.012868834 0.65316814 9.924415

1.0040684 -0.031573534 9.364172

0.60184246 0.040252518 9.402479

1.3009493 0.38022915 9.747244

0.8077438 0.21263504 9.479094

0.83647424 0.27967268 9.3115

0.9561843 0.7058406 9.24925

0.9705495 1.1463737 9.048137

0.8891467 0.52866966 9.948357

0.83168584 0.5813421 9.890896

0.9657611 0.8399159 9.589227

0.6880337 0.4568436 9.570073

0.9418191 1.1798925 9.364172

0.9083003 0.5813421 9.737667

1.0088568 1.0122985 9.36896

0.8891467 0.9117419 9.723302

