1.2578537 4.5605054 8.3729725

0.9897031 4.0673 8.923638

1.2770073 4.2205286 8.598027

1.3488334 4.311508 8.238897

1.1525089 4.771195 8.3969145

1.4062942 4.78556 8.095244

1.1525089 2.3578398 9.354595

2.1101894 6.538116 8.191013

0.58747727 6.2747536 9.397691

1.2674305 5.56607 10.230873

0.9274539 4.0864534 9.7424555

1.2291234 -4.432116 8.55972

1.5643115 -6.9029326 7.903709

1.3057377 -10.2835455 7.965958

-0.12599486 -15.162929 8.842236

-0.07332243 -20.305674 6.136788

-2.524985 -25.0845 7.9324393

-9.310153 -32.31499 11.744008

-23.80465 -29.61433 12.883648

-39.40048 4.388123 18.811691

-30.594606 13.313706 10.178201

-23.737612 19.825935 11.657817

-18.537405 15.985636 6.586898

-4.900033 14.668825 3.680337

-0.9783307 8.951471 5.2078376

1.6744448 6.384887 5.1934724

4.571429 2.5110686 6.256498

2.162862 0.66753334 8.674642

2.4166474 2.0944777 9.03856

2.4741082 1.8359038 9.761609

3.2210991 3.1622915 8.894908

3.125331 1.9939212 9.254039

2.82845 2.5206454 9.230097

2.627337 2.9468133 9.048137

2.1580737 2.5206454 9.239674

2.0431519 3.7991493 8.784775

2.2969372 3.1144075 9.076867

2.0718822 4.201375 8.875754

2.435801 3.9619548 8.44001

2.6417024 3.3059437 8.818294

2.1724389 3.904494 8.775198

2.2298996 2.8654106 9.005041

1.9186534 3.478326 9.182213

2.0910358 3.535787 8.660276

1.9569606 3.5501523 8.933215

2.3448212 3.85661 7.218967

1.8947114 2.8510454 9.06729

