1.5307927 2.9611785 9.100809

0.49170917 3.0090625 8.727314

0.86041623 3.0377932 8.832659

1.047164 1.7928082 9.345018

1.047164 2.3434746 9.139117

1.0854712 1.2708722 9.421633

1.0854712 -0.9222166 10.417621

-1.6534956 -0.42901102 11.135881

-2.9367876 1.3857939 10.925191

-2.9367876 3.3538277 9.747244

-2.8505964 4.33545 8.952369

-3.3246484 6.7583823 7.415292

-3.3246484 5.977873 7.5062714

-3.9710827 6.289119 7.7217493

-4.1530423 8.913164 6.352266

-9.903914 9.995343 6.007501

-14.591762 10.100688 5.902156

-19.135956 11.293 5.485565

-25.767895 12.274623 2.6651955

-25.767895 12.274623 -0.0067336923

-37.68623 7.0887823 11.571626

-50.34198 -6.28044 7.7935753

-40.32943 -28.125135 11.159823

-33.568203 -22.632837 15.172505

-1.7684172 -28.881704 15.12941

-6.0684037 -2.2629695 11.341783

-5.872079 -2.2629695 8.957157

0.06075287 6.3226376 9.555708

-1.361403 8.41517 5.250933

-0.863409 3.6698623 8.286781

-0.887351 3.727323 9.479094

-2.0222025 4.09603 9.972299

-2.0222025 4.531775 9.139117

0.46297875 3.502268 8.914062

-0.116418056 3.463961 9.076867

-0.15472528 4.2684126 8.526201

0.14215572 5.173421 8.957157

-0.20739773 4.6083894 8.444798

0.27623102 4.043358 8.808717

0.3576339 4.139126 7.9611697

0.30017304 4.5605054 8.602816

0.4103063 4.450372 8.310723

0.30017304 4.866963 7.9851117

0.30017304 4.450372 8.3969145

0.61620766 4.412065 8.248474

0.44382513 4.483891 8.516624

0.48692077 4.474314 8.861389

0.46297875 4.87654 8.779986

2.081459 3.1622915 6.3618426

