0.21398178 2.3913586 9.028983

0.09427169 2.0082862 9.445575

0.07990648 1.8167502 9.215732

0.1038485 1.850269 9.43121

0.1086369 1.826327 9.3115

-0.4707599 1.0458173 10.245238

-0.41329905 0.8734347 10.3314295

-0.78679454 0.32755673 10.805481

-1.0788871 0.1599626 10.858153

-0.9687539 3.3538277 9.06729

-1.4811131 3.502268 8.540566

-1.5816694 4.3162966 7.7744217

-2.7260978 4.924424 7.7696333

-6.4035916 6.289119 7.6164045

-10.210372 7.6346602 7.836671

-14.510359 8.338555 8.061726

-19.619585 9.660155 8.966734

-26.696846 14.419827 5.8830023

-32.749386 5.7863364 4.882226

-40.67898 -23.07337 4.0155253

-19.126379 -37.223103 11.834988

2.4310126 -21.3687 6.419304

2.885911 -12.443115 9.287558

2.033575 -5.1695304 9.421633

0.3911527 -2.7992706 10.192566

1.2865841 -0.05551555 9.890896

1.8994998 0.27009588 9.536554

1.4829087 -1.7841291 9.498247

0.42467153 0.11686697 10.422409

0.51565117 -0.99883103 9.895684

0.6880337 -0.5199907 10.408044

0.8747814 0.8877999 10.010606

0.9178771 -0.11776479 10.09201

1.0088568 0.2653075 9.435998

1.0280104 -1.4680946 9.594015

-0.0398036 2.6355672 10.408044

1.4733319 2.5350106 9.560496

0.9274539 3.3011553 9.507824

1.616984 3.463961 8.463952

1.7893665 2.348263 8.784775

1.7941549 3.7464767 8.564508

1.8133085 2.8749874 9.03856

0.9083003 1.8837879 9.282769

1.1572973 3.1766567 9.014618

1.1860276 1.9268835 9.450363

1.214758 2.9085062 9.426421

1.3823522 2.5302222 8.894908

1.4110826 2.1279964 9.268404

1.142932 2.3195326 9.105598

1.4733319 2.324321 9.335442

1.5834651 2.6595092 8.689007

0.4055179 1.376217 9.507824

1.889923 2.324321 9.086444

