1.5212159 3.0808887 8.152706

0.15173253 3.6746507 8.976311

0.8173206 3.2436943 8.875754

0.74549454 2.9611785 8.837447

1.1381437 2.0561705 9.014618

0.9035119 1.4767735 9.364172

0.46297875 0.50951606 10.173412

-0.20260932 -1.022773 11.356148

-0.8586206 -3.134459 12.452692

-1.7492636 -2.483236 11.983428

-2.2089503 -0.18001404 10.74802

-1.5912462 3.2724247 8.914062

-2.6877906 6.404041 8.406491

-3.1762078 8.352921 8.545355

-3.544915 9.420734 6.649147

-4.8090534 9.449465 5.485565

-10.320506 7.8932343 7.051373

-14.816816 7.0887823 6.5342255

-20.481497 7.6107183 5.9404635

-25.087942 7.749582 5.935675

-34.83713 4.7903485 5.2652984

-38.514626 -2.1624131 8.995464

-40.23366 -17.475727 8.41128

-26.663326 -49.433533 13.30024

1.1716624 -18.940979 6.7257614

4.7916956 -14.990546 8.669853

2.9768906 -7.113622 9.866954

1.8994998 -3.1631894 9.354595

-0.6192004 -1.7266684 10.685771

0.252289 -0.31408933 10.096798

0.8843582 -1.4824598 9.321076

0.9609727 -1.9277812 9.785551

0.2427122 -1.295712 9.412056

0.9609727 -1.1712135 9.838223

0.9513959 -0.90306294 9.684995

0.62578446 0.461632 9.890896

0.45819035 -0.5391443 9.6466875

0.31453824 2.195034 9.589227

1.0567408 1.4767735 9.158271

0.20440497 2.1519384 9.6706295

0.84126264 3.8853405 9.215732

1.0854712 1.7161937 9.321076

0.52043957 2.372205 9.196578

1.1094133 3.344251 8.382549

0.47255555 1.7209821 9.43121

0.63057286 2.3817818 9.076867

0.60663086 3.16708 9.03856

0.5779004 1.9651906 9.684995

0.4055179 2.7504888 9.383326

1.1046249 1.2996026 9.416844

2.2538416 3.8135145 11.054478

-1.2369045 2.0034978 9.378537

0.16609775 2.075324 9.60838

0.73112935 2.2764368 9.43121

0.5587468 2.3817818 9.345018

0.4007295 2.5110686 9.383326

0.46776715 2.123208 9.479094

0.59705406 2.4248774 9.464728

0.5539584 2.8175266 9.22052

0.59705406 2.515857 9.282769

2.1676505 6.2556 11.375301

-1.6439188 2.3338978 10.034548

