2.0287867 0.37544075 8.55972

0.17088614 2.1327848 9.886107

0.8029554 1.3905823 9.627534

0.5635352 1.1224316 9.977087

0.60184246 0.67232174 10.010606

0.099060096 0.0163105 10.546907

-0.37020344 -1.0131962 10.920403

0.49170917 -0.45774144 10.254815

0.73591775 1.2038345 9.0577135

-0.293589 2.539799 9.268404

-0.80115974 3.1958103 8.995464

-1.385345 4.1965866 8.58845

-1.6104 3.4879029 8.938004

-1.3757682 4.311508 8.483106

-2.036568 3.9332244 8.665065

-2.6111763 3.655497 9.225308

-3.0325558 4.273201 8.966734

-3.5113962 4.163068 8.392126

-4.22008 4.412065 7.803152

-6.250363 4.8525977 5.993136

-8.596681 5.341015 5.179107

-12.183194 4.957943 4.7912464

-17.215807 4.498256 3.7090673

-30.862757 2.9324481 1.8751088

-38.53378 3.382558 -0.19348143

-48.412254 -0.7977181 -0.94526076

-51.534294 -9.81907 2.1432595

-40.9615 -9.139117 4.484789

-29.445389 -32.64539 18.572271

-10.583868 -14.645781 8.578874

-17.74253 -17.336863 12.2180605

-1.9120693 -15.651345 11.269957

-0.19782092 -13.003358 10.254815

1.7845781 -5.806388 9.531766

1.5786767 -1.9852421 9.555708

0.9418191 0.96441436 9.124752

0.5395932 0.8686463 9.72809

-0.13078327 1.5438112 8.866178

-0.14036007 1.9364603 9.775974

-0.1690905 1.8215386 9.933991

-0.10684125 2.4727614 9.526978

-0.4707599 2.7552772 9.378537

-0.68623805 2.2141876 10.26918

-1.6965911 1.7257705 9.737667

-0.863409 1.0170869 9.335442

-1.1555016 1.7066169 9.656264

-1.552939 1.8933647 9.119964

-0.2983774 2.099266 9.838223

-0.90650463 2.3099558 8.909273

-0.8586206 1.7592894 9.134329

-0.64793086 1.802385 9.024195

0.4007295 3.0234277 8.875754

1.1381437 2.6882396 9.124752

0.30496144 3.1048307 8.933215

0.8987235 3.5980363 8.803928

1.1812392 2.9946973 9.6945715

0.5300164 4.3833346 8.760833

0.52043957 2.8558338 10.221296

1.0663176 3.392135 9.483882

0.75985974 3.607613 9.445575

0.48213238 2.9276597 9.397691

0.19482817 3.1096191 8.626758

0.37199908 2.4967034 9.412056

-0.14036007 1.9125183 9.479094

0.28101942 1.8789995 9.6706295

0.30974984 1.9029415 9.809493

0.22834699 2.3674166 9.723302

0.50607437 2.4775498 9.589227

0.46297875 2.0801125 9.641899

1.0327988 3.3394625 8.732102

1.142932 1.57733 9.321076

