1.7654245 2.798373 7.9084973

0.012868834 3.1335611 9.096021

0.73112935 2.6355672 8.938004

0.8173206 2.9946973 9.014618

0.27623102 1.0649709 10.273969

-0.614412 0.16475101 10.910826

-0.9304466 -0.9796774 11.198131

-2.8314428 -1.2574048 10.561273

-2.309507 1.4959271 10.221296

-2.8889036 3.2676363 8.756044

-2.333449 5.839009 7.693019

-1.6008232 6.70571 7.4248686

-3.7077205 9.459042 7.9324393

-5.8816557 11.474959 6.2660747

-10.258257 10.3592615 5.959617

-15.065813 9.731981 5.782446

-28.48292 10.052804 3.6707602

-34.0231 6.672191 3.7713165

-35.22978 -0.5870283 5.5956984

-35.473988 -8.966734 2.2150855

-26.399963 -35.34126 9.517401

-14.261362 -29.983036 12.893225

-5.2017026 -21.497986 9.838223

-1.4811131 -14.674511 10.5086

0.501286 -1.3196541 10.9922285

-1.8115128 -0.31408933 10.752809

-1.6774375 0.97399116 10.020183

-0.65271926 0.9931448 9.60838

-0.911293 0.040252518 9.45994

-1.6726491 1.352275 9.479094

-1.1076176 0.74414784 9.234885

-0.8346786 2.017863 10.015394

-0.9543887 0.62922615 9.210943

-1.2560581 0.9069535 9.603592

-0.6287772 0.35149872 9.0816555

-0.5138555 2.5637412 8.985888

-0.23612814 2.491915 9.234885

-0.41808748 2.8989294 9.546131

-0.0350152 2.8031614 8.823082

-0.49949032 2.9611785 9.043348

-0.12120646 2.491915 8.818294

-0.78200614 2.4057238 9.335442

-0.39893386 2.5541644 9.215732

-0.6000468 2.2955904 9.273192

-0.55216277 2.6307788 9.397691

-0.3079542 3.04737 9.03856

-0.3127426 3.0425816 9.3115

-0.116418056 3.1718683 9.086444

-0.43245268 3.727323 9.148694

-0.27443537 3.2005987 9.105598

-0.9496002 2.8893526 9.531766

