-4.986224 -1.544709 8.3011465

-4.258387 -1.5590742 7.7696333

-4.6558247 -1.8080711 7.8845553

-4.2488103 -1.7506104 7.396138

-4.3110595 -1.9229928 7.2381206

-4.6749783 -2.5359085 7.487118

-4.7515926 -1.6117467 6.965182

-4.660613 -0.8456021 6.1463647

-5.59914 -2.4018333 6.481553

-6.154595 -3.6276646 6.601263

-6.954258 -3.7138557 6.3618426

-7.940669 -4.9636292 6.055385

-9.085097 -6.419304 5.2796636

-11.373955 -6.2277675 8.205379

-13.284528 -5.576545 10.690559

-16.626833 -5.796811 8.219744

-22.559666 -11.322629 15.091103

-23.785496 -7.611616 15.613038

-21.937172 -8.914062 14.846893

-18.757673 -9.0577135 10.714501

-11.958139 -9.656264 -4.579659

-11.862371 -14.243555 -3.7321115

-11.000459 -7.515848 -5.101595

-3.3485904 -11.6290865 -12.82529

5.0311155 1.3235446 -5.9252005

6.0414686 1.7449241 -1.505504

3.1971571 3.277213 2.17199

4.1308956 5.44636 3.2398038

4.6384664 5.733664 5.662736

6.21864 6.5189624 5.370643

5.4333415 6.0592756 7.017854

5.4908023 5.599589 6.064962

5.4333415 6.159832 6.112846

5.098153 5.3936877 5.7537155

5.6727614 5.8533745 5.2413564

4.830003 7.2084923 5.758504

5.4955907 6.7392287 5.0737624

4.403835 7.572411 5.7201967

4.408623 6.7488055 5.2078376

4.5187564 6.5812116 5.806388

4.571429 7.1989155 4.858284

5.0311155 6.217293 5.4759884

4.4852376 6.9499187 5.346701

5.002385 7.299472 4.762516

4.3990464 6.6434608 5.3179708

4.724658 7.1031475 4.8534956

4.2266636 6.547693 5.5621796

4.504391 6.744017 4.973206

4.4182 6.2603884 5.8111763

5.1604023 6.906823 5.2557216

4.940136 6.327426 5.4089503

4.6671968 6.696133 5.6244287

4.7198696 6.834997 5.5142956

4.681562 6.6530375 5.38022

4.5187564 6.5907884 5.3850083

4.0925884 6.8637276 5.011513

