-1.7875708 -0.0028431145 8.904485

-2.5154083 1.280449 9.014618

-1.9072809 0.7058406 8.305935

-2.323872 0.62443775 8.641123

-2.3573909 0.8303391 8.392126

-2.4340053 0.61486095 8.152706

-2.7644053 0.2653075 7.3817725

-2.8362312 -0.37155017 7.8701897

-3.568857 -0.64927757 8.617181

-4.033332 -1.2621932 8.593239

-5.4746413 -1.5734395 9.675418

-6.7196264 -5.3610663 10.762385

-8.103475 -4.6475945 10.690559

-8.740333 -6.6778774 11.375301

-11.41705 -9.435998 14.995335

-11.958139 -8.052149 16.589872

-12.489653 -7.755268 18.304121

-12.618939 -6.294805 17.719936

-11.0818615 -5.7154083 10.62831

-9.276634 -7.707384 6.0601735

-7.222409 -8.234109 2.4976013

-5.412392 -5.8590603 -0.64837974

2.9146414 -1.9708769 -4.7185225

2.8428152 -0.25184008 -3.2867901

4.193145 2.0849009 -2.372205

5.3998227 2.7600656 0.18001404

5.9935846 6.030545 1.4345757

6.5011554 5.455937 2.3922565

6.1132946 5.695357 2.8136358

6.304831 7.0887823 2.8232126

6.9321117 7.074417 2.9908068

6.505944 6.868516 3.3499372

6.48679 7.0408983 2.885462

6.707057 6.8733044 2.8375778

6.3718686 7.146243 2.8232126

6.4293294 7.558046 2.6077347

6.2377934 7.5532575 2.3443723

6.529886 6.514174 2.2964883

6.2042747 7.2851067 2.5742157

6.4915786 6.5093856 2.5023897

6.5729814 6.7727475 2.2390275

6.812402 6.394464 2.186355

6.03668 7.1175127 2.555062

6.3958106 6.7392287 2.4401405

6.6495957 7.012168 2.4066217

6.462848 6.8733044 2.5454853

6.663961 7.0552635 2.612523

6.4915786 7.342568 2.5359085

6.640019 6.5189624 2.5119665

6.5011554 6.940342 2.660407

6.8794394 4.924424 2.7274446

4.5810056 8.199692 3.4840124

6.740576 7.1270895 2.2629695

