-2.2711997 -2.9429228 8.157495

-3.7891235 -0.77856445 8.746468

-3.4252048 -1.7937059 8.507048

-2.9224224 -1.472883 7.2620625

-2.8362312 -1.5782279 6.634782

-2.8553848 -2.066645 6.357054

-3.7603931 -2.0379145 6.433669

-5.2831054 -2.7130795 6.49113

-6.3557076 -2.2486043 5.581333

-7.442675 -1.4058453 6.807164

-8.591892 -1.4058453 6.6539354

-11.201571 1.5964836 7.233332

-13.480852 0.025887307 7.5445786

-15.152005 1.4241011 8.655488

-15.482405 8.237999 7.53979

-18.939632 12.236316 14.990546

-19.590855 13.007249 14.372842

-18.288408 13.24188 14.013712

-17.833511 9.708039 15.4262905

-16.626833 2.1615152 9.96751

-18.623598 -1.046715 11.250803

-16.444874 -7.573309 8.363396

-7.6198463 -13.075185 -0.4568436

3.302502 -4.369867 -6.5812116

4.0351276 0.49993923 -6.0113916

4.221875 0.92131877 -3.013851

4.4229884 3.880552 -2.6834512

6.2377934 6.9116116 -1.136797

5.002385 6.9164 0.22310968

6.3814454 8.29546 -0.686687

5.7876835 8.74557 -0.20784664

5.9457006 9.042451 -0.33234513

5.193921 8.582765 -0.3131915

5.43813 8.874857 0.05551555

5.2753243 8.59713 -0.62922615

4.633678 8.683321 -0.040252518

4.8252144 9.37285 -0.40417117

4.370316 8.86528 -0.45205522

4.609736 8.616283 -0.4424784

4.4469304 8.874857 -0.3131915

4.8395796 8.328979 0.10818799

5.0885763 8.788666 -0.38980597

5.0167503 8.252364 -0.07377134

5.179556 8.826973 -0.3036147

4.7007155 7.9411182 0.08903438

4.7438116 8.688109 -0.05940613

5.246594 8.831761 -0.461632

4.705504 8.841338 -0.088136554

4.820426 8.688109 -0.23657705

4.877887 8.151808 0.012419921

5.026327 8.568399 -0.27967268

5.711069 7.7831006 0.7977181

3.0008326 8.755147 0.77377605

