-0.5042787 -7.376984 5.92131

-1.3518262 -7.463176 6.1894603

-1.0980407 -7.463176 6.208614

-1.0070611 -7.6020393 6.294805

-1.0884639 -7.3578305 5.8830023

-1.1315596 -7.017854 5.638794

-0.9256582 -6.6204166 5.356278

-0.9400234 -5.557391 4.6475945

-1.552939 -6.6299934 4.1160817

-1.2991537 -5.5478144 3.0339024

-1.7971476 -6.270863 2.104952

-2.572869 -7.9899 2.684349

-3.9998133 -9.689783 -0.25094226

-4.7276506 -10.125528 0.23747487

-5.3692966 -11.595568 -0.33234513

-5.584775 -10.317064 -0.5813421

-5.2017026 -13.894001 0.5966051

-4.4595 -14.9570265 0.0028431145

-4.9670706 -18.610579 1.3244425

-3.9998133 -22.517916 -0.36107555

-7.1841016 -25.14675 -4.886117

-9.01806 -25.266459 -6.9259768

-11.50803 -23.207445 -8.410381

-14.045883 -20.458902 -10.93387

-13.423391 -9.766397 -7.265953

-10.981305 -2.3156419 -4.177433

-6.604705 4.249259 -4.7328877

-2.7500398 10.565164 -2.14715

2.9146414 5.197363 -0.686687

2.5219922 5.1111717 1.3148656

6.15639 2.2620716 2.1097405

7.980772 1.2900258 3.005172

8.378209 0.53345805 4.499154

8.5889 0.28924948 3.3451488

8.861838 -0.8168717 3.5606267

9.177873 -0.09382278 3.2733226

9.077316 0.35149872 3.1488242

8.775647 0.92131877 3.4026096

8.459613 1.601272 4.547038

8.023868 0.7872434 5.198261

8.205827 2.3291094 5.9548287

8.28723 2.491915 6.28044

8.062175 1.7880198 6.3331122

7.6982565 2.324321 6.7018194

7.1188593 3.3155205 6.855048

6.78846 3.5788827 6.2277675

6.9081697 3.0665236 6.562956

6.841132 3.6459203 6.0122895

7.1188593 3.4256537 5.959617

6.9273233 3.727323 6.0697503

6.8219786 3.751265 5.7872343

6.448483 3.9428012 5.993136

6.7740946 4.201375 5.758504

6.3718686 4.0481462 5.9883475

6.9273233 3.8374565 5.7872343

6.520309 4.0481462 4.3650784

6.5634046 3.8709753 5.8638487

6.462848 5.7145104 5.782446

