-4.9287634 -1.7123032 7.8175173

-5.0005894 -2.1001637 8.01863

-4.837784 -1.7889175 7.6307697

-4.813842 -1.7889175 7.0322194

-4.8713026 -1.7889175 6.673089

-5.101146 -2.0857985 6.7497034

-5.4076037 -1.6931496 6.2373443

-5.3070474 -1.4585178 5.0737624

-5.460276 -2.4784477 4.9444757

-6.61907 -3.1200938 5.092916

-7.662942 -3.977218 4.594922

-10.435428 -6.208614 4.3315597

-11.110592 -8.085668 5.0402436

-11.522395 -7.7935753 4.8104

-12.034754 -6.96997 6.9508166

-16.626833 -10.489447 6.3331122

-18.681059 -11.4998 7.7696333

-20.77359 -10.810269 9.119964

-20.677822 -13.4917755 8.985888

-15.429732 -11.85893 8.995464

-13.902231 -15.526847 4.8056116

-12.058696 -14.842105 -3.3729813

-9.937433 -9.43121 -6.2508116

-7.0117188 -14.550013 -11.149348

1.7941549 -4.752939 -10.981754

5.936124 0.35628715 -7.452701

5.7158575 0.049829323 -2.9755437

3.7813423 5.599589 1.8559552

6.304831 4.3162966 3.2398038

5.3279967 6.293907 4.475212

6.8698626 5.4032645 4.6332293

5.8116255 5.2644005 5.686678

6.3479266 5.906047 4.6236525

6.1851206 6.6147304 5.0402436

5.720646 6.6195188 4.872649

5.55784 7.1653967 5.078551

5.3136315 8.285883 4.0634093

5.9409122 6.327426 4.3650784

4.964078 7.1893387 4.8391304

5.0885763 7.2611647 3.9101803

4.916194 7.404817 4.216638

5.0694227 7.534104 3.6947021

4.9928083 7.1845503 3.5414732

5.3998227 6.7488055 3.6372414

5.3758807 7.203704 3.9006035

5.4908023 7.644237 4.0155253

5.2418056 7.342568 4.2357917

4.858733 7.8214083 4.12087

5.203498 7.524527 4.010737

5.1412487 7.026533 4.1256585

5.1508255 7.548469 3.776105

4.9736547 6.7009215 4.250157

5.098153 7.596353 3.9006035

5.667973 7.5293155 3.9580643

4.0111856 7.787889 4.618864

