5.4429183 6.2603884 5.4664116

2.8954878 7.026533 6.3379006

3.494038 7.1606083 6.2995934

3.503615 6.7104983 6.1319995

3.680786 7.81662 6.1655183

3.4030585 9.095123 6.7497034

3.5706525 8.525303 8.885331

3.302502 9.473407 8.3250885

3.3072903 8.199692 8.29157

3.6424787 6.7727475 6.8598366

3.0726585 4.1103954 1.0562918

3.6520555 1.7209821 -0.37065235

3.2402527 2.8654106 -7.7591586

3.2977135 0.63880295 -14.429404

-2.1897967 -3.359514 -11.570728

-10.425851 -1.9038392 -9.837326

-5.919963 -3.43134 -8.702475

-10.109816 -6.2421327 -5.2644005

-18.858229 -5.2557216 3.1967082

-28.918665 -7.7361145 11.145458

-50.31804 -7.965958 17.576284

-46.132977 -3.5366848 18.323275

-20.725706 -0.5726631 18.055124

-14.62528 0.5861305 13.127857

-10.928633 -3.0722096 10.192566

-10.377967 -0.90306294 6.0458083

-9.362825 -2.780117 3.3786676

-8.486547 -0.6349124 2.9141924

-8.007707 -0.08424597 3.2924762

-8.486547 -2.4784477 3.9389107

-8.357261 -1.3819033 4.9253216

-7.3133883 -1.9756653 5.504719

-7.4474635 -0.5726631 6.0362315

-5.5751977 0.7154174 5.6675243

-5.2735286 -1.0754455 6.94124

-4.804265 0.47599724 6.4480343

-4.560056 0.74893624 6.539014

-4.93834 -0.66364276 7.429657

-5.1777606 1.0410289 7.42008

-5.182549 -0.33324295 7.8079405

-5.350143 -0.5918167 8.535778

-5.196914 0.5526117 7.8845553

-5.172972 0.1503858 8.066514

-5.0724154 0.7728782 7.812729

-4.93834 0.11207857 7.6882305

-5.0149546 0.4712088 7.9851117

-5.1873374 -0.036361936 8.229321

-4.780323 0.4233248 8.243686

-4.258387 1.4959271 7.731326

-5.8816557 0.13602059 8.463952

