4.274548 4.2540474 7.716961

3.8866873 5.599589 7.6547117

3.6903627 4.866963 7.6020393

3.4126353 4.661062 7.812729

3.6759975 5.661838 7.4248686

3.6999395 4.747253 7.415292

3.7238815 5.3505917 7.8414593

3.7717655 5.527763 8.066514

3.5850177 5.89647 8.085668

4.121319 4.8909054 7.6068277

4.53791 4.3833346 7.204602

4.65762 4.345027 5.868637

4.9449244 3.4017117 6.0745387

5.246594 2.9085062 4.3267713

5.2322288 2.4727614 4.00116

4.648043 2.6547208 2.9668648

4.954501 1.9891326 2.306065

5.1604023 0.94047236 3.134459

5.9073935 1.6635213 2.1097405

5.332785 2.4488194 1.8559552

6.8602858 0.2988263 2.219874

6.778883 1.7114053 3.5366848

7.4396825 1.12722 4.2597337

5.950489 1.7592894 5.638794

6.9033813 0.20784664 5.83033

4.576217 0.4233248 8.147918

4.9736547 -0.5726631 8.808717

3.6424787 -0.45774144 10.9682865

2.8619688 -0.41464582 10.168624

0.0032920274 -0.927005 12.744784

-1.3039421 -1.3244425 12.016947

-3.0038254 -0.9653122 13.352912

-3.951929 -1.2190976 13.520506

-4.636671 -2.148048 11.475858

-4.828207 -1.4010569 12.026524

-5.4411225 -1.6787843 9.72809

-5.910386 -1.5925931 10.36016

-5.8433485 -1.2190976 8.751256

-7.4857707 -2.104952 7.6259813

-6.015731 -0.9461586 9.517401

-6.666954 -1.6069583 7.7839985

-6.0923457 -1.9038392 7.9803233

-6.3030353 -1.6596307 7.0322194

-6.145018 -0.8360253 6.807164

-5.9965773 -1.1712135 6.87899

-6.470629 -1.0179846 7.1998134

-6.3174005 -1.4585178 7.314735

-6.494571 -1.2813468 7.3338885

-6.1737485 -1.0850223 7.453599

-6.417957 -1.1568483 6.965182

-6.0109425 -1.3579613 7.156718

-6.1976905 -1.9948189 7.6595

-6.4610524 -0.89348614 7.1998134

-6.2072673 -1.8703204 7.396138

-6.250363 -1.4345757 6.7401266

-5.9391165 -1.8607436 7.06095

-5.95827 -1.8751088 7.6068277

-6.0444613 -1.9517233 7.266851

-5.9486933 -0.8503905 7.353042

-4.842572 -1.8607436 7.08968

