7.1763206 -3.5989342 6.064962

7.2673 -3.0913632 5.734562

7.3439145 -3.1440358 5.5238724

7.042245 -3.1440358 6.0458083

7.161955 -2.9668648 6.079327

7.104494 -2.397045 6.1559415

6.8698626 -2.2150855 5.902156

6.012738 -1.5542858 3.5318964

4.217087 -0.9413702 1.8511668

4.217087 -0.9413702 -7.9554834

3.7813423 -0.41943422 -0.8734347

0.13257892 1.4911387 -2.59726

0.13257892 1.4911387 -3.04737

-4.5648446 0.2605191 -4.2301054

-5.704485 0.07855974 -3.7464767

-12.930185 0.4185364 -2.3817818

-22.15265 -14.22919 7.716961

-42.388443 -19.520376 -9.746346

-12.652458 -17.91626 10.824635

-12.652458 -17.16927 6.744915

-8.749909 -12.1222925 3.7330093

-8.974964 -9.6227455 3.134459

-8.874408 -5.868637 2.1097405

-9.870396 -3.7473745 1.3531729

-8.998906 -3.1631894 1.1903671

-8.649353 -5.4759884 2.3443723

-8.77864 -3.3930328 2.267758

-7.212832 -2.459294 2.8567317

-6.1737485 -2.9237692 4.9684176

-5.6422358 -2.684349 5.5717564

-5.608717 -3.6228762 6.2421327

-5.623082 -2.708291 6.831106

-5.3309894 -2.8184242 6.9508166

-5.728427 -2.7753286 6.6778774

-5.8816557 -2.4880245 6.94124

-6.2599397 -2.8806736 6.75928

-6.1114993 -2.9524996 6.826318

-5.896021 -2.5406969 6.9268746

-5.728427 -2.3443723 7.113622

-6.0253077 -2.98123 7.065738

-5.95827 -2.7896938 6.965182

-6.121076 -2.7896938 7.3243117

-6.082769 -3.2876878 7.7121725

-6.417957 -2.8806736 7.041796

