5.0215387 8.070405 3.0147488

5.0167503 7.620295 3.5462615

5.179556 7.8357735 3.1440358

5.260959 7.9937906 3.1727662

5.2657475 7.500585 3.0147488

5.2274404 7.428759 2.6460419

4.9209824 6.8302083 2.9285576

5.3519387 7.7926774 2.3347955

4.9592896 8.012944 2.1672015

4.1308956 6.193351 2.1767783

1.2961609 3.9140708 -0.40417117

0.74549454 -1.1424831 -5.3266497

0.6497265 -6.16073 -6.815843

-2.6111763 -6.3331122 -6.418406

-2.2903533 -6.5342255 -4.9866734

-3.8370075 -3.206285 -3.0856771

-4.6414595 -1.7410336 2.7226563

-17.124826 3.6411319 12.409596

-44.117058 7.404817 20.899435

-27.73593 6.2125044 22.872257

-19.059341 6.2603884 17.485304

-13.873501 3.751265 12.184542

-7.059603 4.795137 7.6499233

-6.9829884 6.2029276 6.3379006

-7.5192895 2.9946973 5.4903536

-8.050802 1.0745476 4.9875712

-9.037213 3.0904655 4.2214265

-8.14657 0.21742344 3.823989

-8.529643 -0.46731824 4.4656353

-7.6246347 1.601272 4.9396873

-7.126641 -0.5870283 5.543026

-6.834548 1.529446 5.3275476

-6.4849944 2.467973 5.605275

-7.0739684 0.2653075 6.184672

-6.729203 2.0034978 5.8111763

-6.4849944 1.280449 6.079327

-7.0117188 0.27009588 6.8215294

-7.0117188 1.0410289 6.443246

-7.1218524 0.76330143 6.634782

-7.18889 0.73935944 6.720973

-6.820183 2.0082862 6.28044

-6.724415 1.0122985 6.2134023

-6.868067 1.4288895 6.634782

-6.9590464 0.96441436 6.3953614

-6.801029 1.1942577 6.8454714

-6.628647 1.4863503 6.4623995

-6.6382236 1.5629648 6.505495

-6.73878 1.5390228 6.6299934

-7.332542 1.1990461 6.706608

-7.332542 1.7209821 6.754492

-6.676531 1.055394 6.864625

-6.6238585 1.6395793 6.931663

-6.604705 1.6922517 6.5246487

-6.6142817 1.0649709 6.7640686

-6.6142817 1.3426982 6.87899

-6.748357 1.2517185 6.7975874

-6.748357 1.9268835 6.5725327

-6.422745 1.6778865 6.711396

-6.5233016 1.9795558 6.577321

-6.6573772 1.8598458 6.706608

-6.724415 1.2277765 6.979547

-6.724415 0.94047236 4.705055

-6.714838 0.94047236 6.443246

-7.284658 3.430442 6.75928

