5.428553 8.199692 2.1624131

3.7095163 8.08477 3.0626328

4.695927 8.692898 2.4736593

4.379893 8.170961 2.7035027

4.3128552 8.568399 2.4928129

4.504391 8.228422 2.363526

4.4469304 8.118289 2.4688709

4.29849 8.29546 2.3683145

4.0447044 8.41517 2.483236

4.078223 8.328979 2.1288943

3.7765539 8.051251 1.7745523

2.1197662 4.943578 0.88390934

0.9992799 2.1998224 -1.0458173

-0.001496376 0.32755673 -2.0370166

-1.0932523 -2.018761 -3.0761003

-0.9639655 -8.487894 -10.091111

-2.2233155 -10.604368 -2.9516017

-1.5481507 -4.2788873 1.9038392

-3.0038254 0.64837974 4.369867

-54.072147 8.712051 8.933215

-51.84554 9.454253 12.754361

-29.670444 -4.523096 16.580296

-24.273912 3.7225347 20.679169

-9.726744 3.8901289 8.784775

-7.950246 0.23178865 5.782446

-7.1122756 -0.09861118 4.6475945

-6.504148 0.94047236 3.0913632

-6.3892264 -0.16564883 5.5238724

-6.398803 -0.43379942 5.969194

-5.9965773 0.0163105 5.2557216

-6.2838817 1.3618518 5.4712

-6.504148 -0.79292965 6.4528227

-6.4610524 0.6962638 6.6922426

-6.820183 0.18390462 6.768857

-7.1218524 -1.0754455 7.065738

-6.6382236 -0.55350953 6.6922426

-7.1936784 -1.223886 7.2860045

-6.6861076 -0.2853589 6.94124

-6.552032 0.18869302 6.4863415

-6.480206 -0.77377605 6.735338

-6.542455 -0.5008371 6.687454

-6.6382236 0.0067336923 6.8119526

-7.107487 -0.8216601 7.037008

-6.542455 -0.15128362 6.75928

-6.4754176 0.10250176 6.802376

-6.4754176 -0.8120833 7.065738

-6.5903397 -0.87433255 7.20939

-7.3995795 0.37065235 7.415292

