-1.3901334 -8.214955 4.762516

-1.5625159 -8.660276 4.824765

-1.409287 -8.358607 4.499154

-1.4954783 -8.191013 4.580557

-1.658284 -8.238897 4.384232

-1.634342 -8.645911 4.7098436

-1.576881 -8.176648 4.532673

-1.754052 -7.549367 4.144812

-1.5816694 -5.878214 3.503166

-1.8641853 -5.179107 2.41141

-2.074875 -6.2995934 1.6021699

-4.1817727 -9.167848 1.2382512

-5.144242 -8.617181 1.865532

-5.4506993 -9.574862 2.8232126

-6.3413424 -12.51973 3.503166

-6.2934585 -16.015265 2.1432595

-6.6717424 -16.259472 1.1329063

-6.968623 -17.719936 -1.0314521

-7.830536 -18.773384 -3.6507087

-7.591116 -18.21793 -7.2563763

-6.992565 -17.959356 -10.119842

-6.40838 -16.733524 -11.216386

-5.776311 -15.378407 -11.5850935

-4.6318827 -11.155035 -11.996896

-5.1633954 -9.574862 -11.063157

-5.594352 -6.778434 -9.099912

-7.3421187 -4.872649 -8.180538

-8.165724 -2.3012767 -2.4631846

-9.401133 -3.6228762 0.33324295

-9.97574 -3.2876878 4.5183077

-9.525631 -2.1384711 3.527108

-9.549573 -5.203049 10.427197

-9.458593 -8.013842 12.332982

-9.535208 -10.14947 10.843788

-7.557597 -11.078421 13.726407

-5.532102 -15.5220585 13.850905

-6.820183 -16.273838 12.850129

-8.931869 -20.138079 9.881319

-6.274305 -21.229836 2.5454853

-1.8881273 -20.535517 -3.4208653

0.9705495 -17.777397 -3.569306

0.51565117 -11.748796 -2.0705357

-0.638354 -8.856601 1.3579613

-2.1275475 -7.1279874 2.7178679

-1.9934722 -6.4145155 4.1400237

-1.9503765 -6.955605 5.045032

-1.6774375 -6.907721 5.6675243

-1.6918027 -7.965958 5.878214

-1.7971476 -7.716961 6.103269

-1.7492636 -7.204602 6.5581675

-1.5002667 -7.013066 7.2764277

-1.8593969 -5.8734255 6.9747586

-1.6630723 -7.611616 7.1758714

-1.576881 -6.2995934 6.9364514

-1.2369045 -5.6579475 7.084892

-1.4380174 -6.1798835 7.1902366

-1.0788871 -6.222979 7.42008

-0.82031333 -6.5677443 7.0944686

-0.9735423 -6.0697503 7.027431

-1.0118495 -6.2900167 7.266851

-1.1985972 -6.2852283 7.1279874

-1.1076176 -6.1942487 7.2716393

-0.9400234 -6.4959183 7.6547117

-0.9304466 -6.481553 7.266851

-1.208174 -6.1942487 7.041796

-0.839467 -5.9404635 7.5062714

