-3.3868976 2.9946973 7.573309

-4.172196 3.4256537 7.42008

-3.9184103 3.0234277 7.9132857

-3.5640686 2.6259904 7.439234

-3.880103 2.0849009 7.6595

-4.0285435 1.4911387 7.951593

-3.951929 2.041805 7.903709

-4.1913495 1.6204256 7.6499233

-4.33979 1.529446 7.017854

-4.33979 1.7018285 6.1224227

-6.240786 1.553388 6.3379006

-6.729203 2.4057238 5.7441387

-7.078757 3.569306 5.6675243

-8.77864 4.613178 7.3578305

-10.085874 4.866963 8.550143

-10.842442 5.4750905 8.732102

-12.140099 4.6850038 9.445575

-15.578173 4.402488 13.855694

-17.187077 6.293907 15.742325

-17.187077 6.2364464 14.918719

-18.202217 2.4871266 14.602685

-16.914137 -1.9756653 12.2420025

-14.907796 -6.3139586 8.463952

-11.0100355 -8.674642 7.975535

-8.251915 -6.4288807 6.917298

-2.1754315 -5.557391 3.134459

-1.136348 -5.9548287 1.0419266

-1.136348 -4.154389 0.6205472

-1.184232 -0.3859154 -0.0019452889

-1.3087305 2.7121816 0.06988076

-2.3909097 4.225317 2.3204303

-2.3909097 3.095254 1.4297873

-1.3326725 7.4718547 0.5391443

-2.266411 10.622624 0.90785134

-2.6877906 6.207716 1.7649755

-4.2296567 12.921058 2.5502737

-3.9998133 12.796559 4.1639657

-3.9998133 12.796559 4.408174

-3.8274307 8.180538 4.288464

-2.8075008 10.162937 6.6299934

-7.2415624 9.521291 7.305158

-7.174525 11.0440035 8.425645

-10.3492365 9.34412 8.387338

-10.105027 7.629872 11.38009

-10.105027 7.629872 11.178977

-7.7395563 4.613178 10.771962

-5.4171805 1.0458173 10.522965

-4.660613 0.2605191 10.2356615

-3.726874 0.53345805 8.765621

-3.736451 1.079336 8.808717

-3.7891235 3.3250973 7.7025957

-4.1578307 4.713734 7.1423526

-4.2296567 4.689792 7.171083

-4.0860043 4.139126 7.065738

-4.033332 4.948366 7.108834

-3.8944683 4.459949 6.864625

-3.8465843 4.2301054 7.257274

-3.961506 4.689792 7.137564

-4.0046015 4.522198 7.5589437

-3.9902365 4.613178 7.53979

-3.88968 5.1686325 7.3291

-3.6119525 4.8142905 7.3099465

-3.712509 4.689792 7.7744217

-3.6742017 4.9052706 7.5780973

-3.3390136 4.8286557 7.3291

-3.4252048 4.934001 7.415292

-3.3868976 4.919636 7.635558

-3.7603931 4.7520413 7.6164045

-3.1043818 4.866963 7.5110598

-4.2057147 5.0010386 8.104821

