-0.5952584 -0.036361936 9.110387

-0.49949032 0.011522096 9.000253

-0.64793086 -0.041150343 9.0098295

-0.79637134 -0.1225532 8.363396

-1.0453683 -0.32366616 8.042572

-1.3183073 -1.3531729 7.7744217

-1.2129624 -1.7506104 7.429657

-2.4052749 0.03067571 4.547038

-3.726874 -1.1616367 3.1727662

-5.7092733 -1.5925931 3.1248822

-8.931869 -0.15128362 4.920533

-15.410579 -3.1057286 7.3291

-17.972374 -8.009053 10.12074

-19.629162 -13.113492 13.860482

-22.48305 -15.584308 14.966603

-23.670574 -22.714241 9.143906

-21.750425 -19.98485 6.366631

-15.927726 -16.814928 5.983559

-13.002011 -17.212364 3.9484875

-10.99567 -15.067161 -6.8493624

-7.7874403 -8.904485 -6.6434608

-5.886444 -8.463952 -4.2205286

-7.380426 -6.9220862 -2.8749874

-7.8018055 -4.058621 -1.7161937

-8.338107 -1.84159 2.0043957

-8.089109 0.1743278 2.6173115

-9.884761 5.5852237 8.114398

-6.9494696 8.577976 12.874071

-8.122628 7.730428 13.386431

-5.4028153 5.1446905 13.046454

-2.6782138 3.9906852 12.797457

-2.3286605 6.528539 16.32651

-2.5441387 4.057723 16.197224

-4.138677 -1.1472715 17.877953

-2.6638486 -1.1616367 15.000123

-0.839467 -4.12087 12.543672

1.9282302 -4.997148 12.63944

-0.5377976 -3.977218 11.5572605

0.032022446 -3.0099604 10.312276

-0.99269587 -1.4441526 9.871742

-1.1555016 -0.5822399 8.909273

-1.409287 -0.2805705 8.923638

-2.1897967 0.18390462 8.928427

-1.457171 0.24615386 8.77041

-1.5481507 0.04504092 9.196578

-1.1459248 -0.42422262 9.301923

-1.3757682 0.16475101 9.584438

-1.1555016 0.49036244 9.383326

-1.3422493 -0.49126026 9.345018

-1.3805566 -0.5199907 9.421633

-1.2273277 0.3179799 9.641899

-1.3278841 -0.22789808 9.474305

-1.457171 0.4281132 8.94758

-2.0317795 -0.86475575 10.125528

