-1.6247652 -1.5734395 10.273969

-0.65750766 -2.5981576 9.206155

-2.1275475 -1.3052888 9.613169

-1.7157447 -1.3723265 9.277981

-1.4763247 -1.7123032 9.263616

-1.8689737 -1.7745523 9.072079

-1.7205333 -1.8751088 8.928427

-2.170643 -2.507178 7.3338885

-1.73011 -2.7035027 5.4712

-2.4579473 -2.9908068 3.4888008

-2.4579473 -2.9908068 4.3985972

-8.2950115 0.39938277 6.3379006

-13.389873 -1.6883612 5.7154083

-17.934067 -7.803152 6.735338

-18.417696 -19.079842 10.86773

-21.731272 -23.537846 10.245238

-23.105543 -21.311237 10.422409

-22.411224 -21.344757 8.143129

-16.899773 -21.775713 -3.5405755

-14.117709 -19.649662 -7.3760867

-12.465711 -18.031181 -6.5429044

-13.476064 -8.497471 -5.6187425

-14.706683 -5.006725 -3.119196

-16.028282 -3.2254386 -2.300379

-18.896536 5.0968065 4.7673044

-18.896536 9.631425 11.844564

-14.917373 6.586 6.4863415

-14.917373 3.6698623 13.439103

-11.65647 7.93633 13.228414

-15.070601 0.50472766 14.334535

-13.6053505 -14.669723 16.41749

-13.6053505 -19.213917 15.000123

-7.1362176 -14.435091 14.58832

-2.7548282 -13.391219 9.364172

1.2530653 -2.5742157 7.42008

-2.2376807 -0.48168346 6.4288807

-1.6726491 -2.4688709 7.1998134

-3.5257614 -1.0179846 8.004265

-3.5257614 -0.5774515 8.229321

-2.7548282 -1.7937059 9.34023

-3.1522658 0.040252518 9.06729

-2.3813329 0.07377134 8.89012

-2.5680807 0.049829323 8.665065

-2.275988 0.049829323 9.139117

-2.3813329 0.686687 9.34023

-2.146701 0.74893624 9.225308

-2.3286605 0.36586395 9.177424

-2.4052749 0.27009588 9.143906

-2.4004865 0.94047236 9.345018

-2.0509331 0.17911622 9.536554

-2.3813329 0.48557404 9.397691

-2.3286605 1.0170869 9.493459

-2.156278 0.5861305 9.225308

-1.8977041 0.4664204 10.609157

