-1.1985972 -7.6642885 5.9404635

-1.3039421 -7.2141786 5.5382376

-1.1985972 -6.979547 5.432893

-1.0166379 -6.457611 5.0641856

-1.4236522 -7.6978073 5.0258784

-1.5960348 -7.1902366 4.202273

-1.4811131 -6.3091702 3.8287773

-1.634342 -6.0122895 2.7849054

-2.074875 -5.164742 1.7793407

-4.6654015 -6.917298 1.3483845

-5.206491 -6.9508166 0.35239655

-6.384438 -8.511836 0.1273416

-7.557597 -10.455928 1.3292309

-8.769063 -11.76795 1.5638627

-9.43944 -13.554025 3.0674212

-10.090662 -14.214825 3.134459

-10.813711 -14.119057 2.1384711

-10.660482 -16.451008 0.45774144

-10.957363 -15.933861 -3.296367

-10.152911 -18.031181 -2.0705357

-9.43944 -17.748667 -4.943578

-6.6717424 -16.427067 -5.748029

-6.3748612 -14.162152 -6.576423

-4.957494 -11.667394 -6.356157

-4.22008 -9.507824 -5.307496

-1.4715363 -3.6611834 -3.7560534

-1.2895769 -2.148048 -4.115184

-2.41964 -1.6356887 -3.1766567

-2.4866776 -2.3587375 1.5494974

-0.89692783 -1.4106337 0.5439327

-1.1028291 -2.2486043 5.9548287

0.21877018 -3.0482676 6.9747586

0.31932664 -4.475212 2.9237692

-0.43245268 -5.3993735 11.231649

-1.1746552 -4.130447 9.273192

-3.7077205 -5.7154083 10.733655

-2.9607296 -3.752163 13.625851

-12.882301 -11.011382 11.250803

0.017657237 -3.4744356 10.9922285

0.084694885 -11.030536 20.851551

-9.463382 -15.138987 21.339968

-16.167147 -7.5206366 7.041796

-2.9224224 -13.831752 13.276298

-3.951929 -6.136788 9.752032

-3.2240918 -7.8845553 9.665841

-3.1283238 -9.6466875 9.445575

-2.5106196 -7.5302134 9.948357

-2.2376807 -6.6299934 9.383326

-2.074875 -7.2860045 8.6507

-1.8689737 -3.8192005 7.903709

-1.6247652 -3.7665281 7.9132857

-2.1610663 -2.6316767 7.951593

-1.8210896 -1.8032827 7.9084973

-2.1754315 -1.7841291 8.574085

-2.3190837 -0.85996735 8.660276

-1.9743186 -0.64927757 8.554932

-2.2520459 -1.913416 9.163059

-2.0652983 -1.2574048 9.134329

-1.7875708 -2.1815667 9.407268

-2.204162 -2.2007203 9.426421

-2.036568 -2.6316767 9.440786

-2.0700867 -2.3347955 9.450363

-2.0892403 -1.7075148 9.187001

-2.098817 -2.2007203 9.206155

-1.6774375 -1.5734395 8.028207

-2.5058312 -2.9189808 9.277981

-2.8314428 -1.7984943 9.6706295

