-1.2416929 -0.5966051 8.641123

-2.122759 -1.0562918 9.306711

-2.036568 -0.927005 9.656264

-1.9982606 -0.41464582 9.076867

-1.9024925 -1.1089643 8.444798

-1.8929157 -1.1424831 8.080879

-2.108394 -1.8224365 7.8462477

-1.6774375 -1.8990508 6.816741

-1.4475942 -3.3690908 5.495142

-1.8546085 -4.45127 6.419304

-3.664625 -8.056937 8.746468

-3.9184103 -10.417621 9.60838

-8.802582 -8.507048 10.2596035

-11.182418 -8.406491 10.925191

-13.54789 -10.652252 11.552472

-17.71859 -11.107151 12.672958

-19.365799 -9.34023 10.1877775

-16.195877 -5.6004868 8.042572

-11.335648 -2.8519433 8.502259

-9.58788 -3.455282 7.9372277

-7.615058 -8.334665 6.505495

-8.922292 -6.577321 5.528661

-8.92708 -7.975535 2.3012767

-7.1218524 -7.6786537 0.29493573

-5.532102 -5.3754315 -1.8885763

-4.138677 -2.4257753 -2.3769934

-3.1857846 -1.9852421 -3.6219783

-1.2656349 -0.6349124 -5.6762033

1.4062942 -4.025102 -8.223634

1.616984 -6.4480343 -9.200468

1.7271173 -9.96751 -6.988226

-0.5952584 -17.020828 -8.587553

-0.8777742 -20.07583 -0.5669769

-2.0796635 -20.841974 -3.1239843

-3.1283238 -22.580166 1.3244425

-5.5512557 -22.934507 7.20939

-7.016507 -19.041534 14.502129

-7.5863276 -15.067161 12.596344

-10.06672 -10.5086 14.851682

-9.142558 -0.405069 11.873295

-5.412392 -2.4257753 9.574862

-2.8505964 -2.86152 6.855048

-2.773982 -3.9245455 5.2413564

-0.7389105 -6.136788 4.997148

0.16609775 -5.8159647 4.958841

0.58268887 -6.539014 5.8877907

0.51565117 -6.63957 6.5821095

0.4055179 -8.095244 7.08968

0.036810853 -7.1519294 6.601263

0.60663086 -7.669077 6.7257614

0.4055179 -6.965182 6.136788

0.34805706 -7.4727526 6.3139586

0.5779004 -7.257274 6.658724

0.61141926 -7.3338885 6.208614

0.50607437 -7.0226426 6.807164

0.43424833 -6.816741 6.529437

0.37199908 -7.161506 6.366631

0.3959411 -7.233332 6.515072

0.47734398 -6.979547 7.1279874

0.6928221 -7.3721957 6.8694134

0.07511808 -7.1519294 6.7497034

0.20919338 -6.855048 6.7401266

0.07511808 -7.218967 6.562956

0.1086369 -6.9508166 6.366631

0.45340195 -7.1902366 6.2900167

0.28101942 -7.0226426 6.515072

-0.04938041 -7.2524858 6.5725327

0.3576339 -7.463176 6.562956

0.13257892 -7.132776 6.6539354

0.31453824 -7.396138 6.658724

0.08948329 -6.9125094 7.003489

0.022445641 -7.3434653 6.6778774

-0.12599486 -6.965182 6.807164

0.032022446 -6.87899 6.87899

0.47255555 -7.6882305 6.783222

-0.12599486 -6.5916862 6.807164

