-2.7644053 -3.7713165 8.080879

-3.0373442 -3.6420298 8.032995

-2.8170776 -3.776105 7.812729

-3.0325558 -3.6659718 7.8701897

-2.8553848 -3.5845687 7.851036

-2.3909097 -3.6659718 7.3578305

-3.0325558 -5.3850083 8.157495

-2.6159647 -4.12087 7.242909

-2.2951417 -3.5558383 6.4623995

-1.2416929 -2.8950388 4.24058

-1.2033856 -3.8383543 3.6276646

-3.4347816 -9.560496 2.1288943

-3.736451 -11.107151 1.2190976

-5.2017026 -13.750349 0.78335285

-5.742792 -16.015265 -0.21263504

-7.1697364 -16.71916 -1.2756606

-8.65893 -17.212364 -1.5869068

-8.797793 -18.481293 0.99404263

-9.832088 -19.20434 0.45774144

-13.255797 -18.050335 0.045938745

-13.351565 -16.039206 0.5056255

-13.5095825 -13.975404 1.9277812

-12.398673 -11.849353 2.9141924

-10.655694 -7.242909 2.0139725

-11.0100355 -5.322759 -0.23657705

-10.128969 -2.435352 -1.7066169

-10.114604 -1.022773 -3.4256537

-8.213608 3.8709753 -8.338555

-5.532102 3.0665236 -11.700015

-3.0804398 0.983568 -12.830078

-1.2512697 -2.2964883 -15.071051

-4.900033 -12.649016 -13.198785

-3.8848915 -18.107796 -12.111817

-5.125088 -24.36624 -7.6633906

-6.762722 -25.47715 -7.098359

-11.407474 -26.813114 -0.8447043

-9.841665 -21.612907 6.5342255

-11.560702 -17.4039 5.2413564

-9.990106 -9.929203 15.340099

-7.662942 -1.5351322 9.354595

-3.6598365 -1.3962685 6.390573

-2.2807765 -4.0298905 4.0298905

-1.1698668 -6.955605 3.3786676

-0.9496002 -9.19179 3.823989

-0.40851066 -8.593239 4.6571712

-0.3462614 -8.162283 5.0258784

-0.24570495 -7.597251 5.198261

-0.6192004 -8.70816 5.6962547

-0.5186439 -6.61084 6.1080575

-0.42287588 -7.0322194 6.4959183

-0.78679454 -7.5541553 6.807164

-0.001496376 -6.6778774 7.1040454

-0.04938041 -7.013066 6.5964746

-0.36062664 -6.697031 6.7880106

-0.5377976 -6.5725327 7.5685205

-0.35583824 -5.92131 7.77921

-0.4707599 -5.9548287 7.7600565

-0.27922377 -5.370643 7.8989205

-0.27922377 -5.748927 7.8558245

-0.43245268 -5.8830023 7.6068277

-0.23612814 -5.5621796 7.8893437

-0.20739773 -5.7776575 7.7744217

-0.54737437 -5.0881276 7.999477

