-1.6965911 -3.5127428 8.281993

-1.6726491 -4.034679 8.272416

-1.4236522 -3.5366848 7.6164045

-1.682226 -3.2206502 6.96997

-2.0796635 -3.6659718 6.1080575

-1.7109563 -4.082563 5.878214

-1.8641853 -4.1591773 4.4656353

-6.604705 -3.857508 5.02109

-10.210372 -4.8870144 6.6204166

-11.191995 -5.3179708 10.9443445

-12.590209 -9.565285 18.792538

-19.906889 -31.156195 23.006332

-26.615442 -47.024963 23.849092

-26.519674 -57.645645 -3.7416883

-27.027245 -44.319515 -11.326519

-44.11227 -13.228414 -27.286268

-44.064384 -3.608511 -22.349424

-43.36049 12.150125 -9.415946

-37.56652 11.929858 4.0681977

-29.215546 21.937622 18.96492

-21.846193 12.509255 27.086052

-16.15757 2.1519384 27.24407

-16.401777 -8.550143 25.903316

-1.9407997 -16.460587 17.97372

1.0806828 -13.831752 12.060043

3.4222121 -15.359253 8.995464

-0.1834557 -7.6882305 8.454375

-1.5912462 0.07855974 6.3714194

-2.275988 1.6970401 7.233332

-2.06051 2.6020484 7.9899

-1.3518262 4.8909054 7.4583874

-2.4244285 1.9220951 9.823858

-0.8681974 3.6507087 9.086444

-1.4380174 0.4568436 9.354595

-1.433229 1.553388 9.943568

-1.1890204 0.011522096 9.7185135

-0.64793086 0.93568397 9.06729

-0.56173956 0.8734347 9.043348

-0.5090671 0.76330143 8.89012

-2.0940287 3.7752073 10.034548

