-0.26485857 -5.7154083 7.851036

-1.0310031 -5.3754315 7.8462477

-0.43245268 -4.6715364 7.2860045

-0.5856816 -4.4895773 7.027431

-0.8298902 -4.144812 6.73055

-0.5377976 -4.0681977 6.4528227

-0.7101801 -4.408174 6.0745387

-0.044592008 -3.9101803 3.5414732

-0.4659715 -4.57098 3.1153054

-1.8498201 -7.444022 3.2924762

-3.961506 -11.255591 3.0099604

-7.246351 -17.317709 5.6244287

-7.552809 -22.130054 1.9469349

-10.512042 -19.213917 2.6508303

-11.1297455 -16.733524 8.028207

-15.329176 -19.137302 9.196578

-16.775274 -15.747113 7.1423526

-14.20869 -11.006594 7.3338885

-12.76738 -9.335442 8.138341

-10.852018 -7.879767 4.264522

-9.405921 -7.8414593 2.267758

-9.008483 -7.8175173 0.44816464

-8.668507 -5.404162 -1.4959271

-6.9877768 -0.36676177 -4.5030446

-5.5704093 0.8207623 -5.2165165

-4.2966943 1.4097359 -6.878093

-2.644695 1.256507 -9.535657

-2.596811 -6.064962 -13.931411

-1.4811131 -6.5821095 -18.336742

-2.4579473 -11.744008 -15.655236

-3.2480338 -18.75902 -13.18442

-5.196914 -27.047745 -6.3370028

-5.1059346 -28.364557 1.5782279

-7.42831 -24.33751 2.4640825

-8.663718 -20.77015 12.467057

-8.65893 -10.403255 11.6769705

-7.251139 -4.3411365 13.094338

-6.4754176 -2.5981576 9.273192

-4.22008 -0.6397008 6.3618426

0.74070615 -6.831106 4.1112933

0.47734398 -8.425645 3.278111

1.0902596 -9.019406 4.8056116

1.0519524 -8.401703 6.419304

0.5348048 -7.42008 6.2277675

0.5443816 -7.2141786 7.39135

0.05117606 -4.580557 7.204602

0.8747814 -5.7537155 7.7600565

0.7790134 -4.2836757 7.999477

0.49170917 -5.346701 8.665065

0.44861355 -5.6483707 8.502259

0.2427122 -3.8718731 8.602816

0.44382513 -4.973206 8.82787

0.032022446 -3.7425861 9.06729

0.22834699 -2.8806736 8.961946

0.11342531 -4.3411365 8.813505

0.21398178 -4.523096 8.823082

0.14694414 -4.336348 8.995464

0.14694414 -3.7330093 8.746468

0.07032967 -3.2589574 8.990676

0.1086369 -4.144812 9.014618

