-0.43245268 1.079336 8.478317

-1.8210896 1.00751 8.641123

-1.8450317 0.8159739 8.387338

-2.146701 0.97399116 7.9946885

-2.108394 0.6962638 7.5350018

-2.5537155 0.0163105 8.286781

-2.3047185 0.04504092 7.9228625

-2.3909097 -0.22789808 8.329877

-3.497031 -0.5439327 9.048137

-3.7651815 -0.5487211 10.317064

-4.555268 -1.5925931 10.59958

-4.569633 -1.5494974 10.910826

-4.6079407 -2.1097405 12.0361

-4.804265 -1.7266684 12.567614

-4.842572 -0.9317934 12.649016

-4.6414595 -1.6165351 13.008146

-4.4211926 -0.6397008 13.520506

-5.316624 -1.1137527 13.352912

-5.4506993 -0.5391443 13.0225115

-5.7380037 0.66753334 12.251579

-4.6510363 1.4097359 12.289886

-4.957494 2.3099558 11.466281

-4.4164042 3.1287727 10.901249

-4.2296567 3.4448073 10.154259

-2.9511528 3.205387 9.225308

-2.6351182 3.4352305 7.965958

-1.8833389 3.4495957 7.1998134

-1.3039421 3.16708 6.2852283

-0.15951368 3.4926913 5.0881276

0.34805706 3.4926913 4.1591773

1.2865841 2.396147 3.7473745

1.0998363 2.2524948 3.5606267

2.4980502 1.5438112 1.7984943

2.3735516 0.19348143 2.3156419

3.5227685 -0.48168346 1.5159786

3.455731 -1.5782279 1.3627497

3.2641947 -4.144812 3.1153054

4.571429 -8.272416 3.2254386

2.7614124 -6.4240923 5.9404635

4.346374 -4.752939 7.9372277

2.0287867 -3.3116298 11.399243

0.9130887 -1.8846856 12.826187

-0.54737437 -1.5542858 13.92752

-0.41808748 -0.56308633 14.425514

-4.2871175 0.32755673 15.507693

-4.7755346 1.6778865 14.82774

-5.556044 2.6403556 14.674511

-5.1633954 1.4241011 12.9028015

-6.030096 5.0010386 11.969063

-5.704485 2.645144 10.743232

-5.6853313 2.0322282 10.690559

-6.145018 2.5445876 10.206931

-5.742792 2.7840075 8.803928

-5.350143 2.372205 8.224532

-5.3453546 2.5062802 7.6978073

-4.866514 2.3578398 7.08968

-3.6694133 3.655497 7.156718

-3.3007064 3.6411319 6.754492

-2.7069442 3.5214217 6.9029326

-2.8314428 2.6259904 7.405715

-2.9272108 2.71697 8.071302

-3.0517094 3.1383495 8.703372

-2.8170776 3.3250973 8.847024

-2.9128456 2.8606222 8.880543

-2.4340053 2.5828948 8.818294

-2.5776575 2.6164136 8.689007

-2.5776575 2.7792192 8.449587

-2.467524 2.6738744 8.861389

-2.3430257 2.8654106 8.58845

-2.6399066 2.7600656 8.990676

-2.4483705 3.0090625 9.201366

-2.7260978 2.8558338 8.952369

-2.548927 2.9611785 8.885331

-2.4866776 2.8079498 8.851812

-2.6111763 2.7313352 8.847024

-2.644695 2.6068368 8.77041

-2.3621793 2.7840075 8.79914

-2.3573909 2.9276597 8.70816

-2.7069442 2.5350106 9.06729

-2.6303298 2.5876832 8.933215

-2.668637 2.6834512 8.971522

-2.4052749 2.6355672 8.813505

-2.309507 2.8031614 9.043348

-2.4244285 2.8558338 9.0577135

-2.4100633 2.693028 8.976311

-2.4771008 3.296367 8.665065

-2.5872343 2.8845642 8.698584

