0.4103063 -9.680206 1.5494974

0.22355859 -10.05849 1.6021699

0.2475006 -9.799916 1.3627497

0.31453824 -9.910049 1.5016134

0.21398178 -9.790339 1.5878047

0.3863643 -9.565285 1.3531729

0.3959411 -9.378537 1.046715

0.3672107 -9.828647 0.7354688

0.2427122 -9.627534 0.8216601

0.42945993 -9.8478 0.927005

0.30974984 -9.914838 0.9653122

0.27623102 -10.182989 1.2382512

0.18525136 -10.077643 1.1281179

0.51086277 -10.029759 1.2286744

0.2570774 -10.312276 0.8120833

0.7838018 -12.002582 1.1568483

0.59226567 -13.017723 0.49126026

1.3967174 -13.898789 -0.049829323

1.5068507 -12.57719 -0.50472766

1.6935984 -15.0097 -0.021098902

1.1860276 -16.106243 0.31408933

1.0040684 -12.174965 -1.0697592

1.4829087 -14.9570265 -0.4233248

0.42945993 -11.801469 -2.0513818

0.63536125 -13.147011 -1.4480431

0.8173206 -11.193342 -0.43769

-0.57131636 -2.828001 -1.0984896

-0.102052845 3.1096191 -1.5198692

0.76464814 1.8694227 -1.2229881

3.647267 -4.752939 1.3962685

3.5802293 -8.028207 1.5782279

4.403835 -9.215732 1.1376947

4.547487 -9.019406 0.29493573

4.724658 -9.962722 -1.2373533

4.892252 -10.2117195 -1.3235446

4.762965 -9.258827 -1.4767735

4.3128552 -9.723302 -1.304391

3.743035 -9.804705 -0.32276833

2.4405894 -9.957933 0.6397008

2.7470472 -9.96751 0.8456021

2.1532853 -9.301923 1.2765584

1.2434886 -10.2596035 1.913416

0.027234044 -10.087221 2.6077347

-0.1690905 -9.785551 3.8192005

-0.99748427 -8.880543 5.174319

0.017657237 -9.651476 5.653159

1.1477205 -9.637111 4.8630724

2.3208792 -9.210943 3.991583

3.206734 -8.535778 2.6508303

2.5602994 -7.3865614 0.64448917

2.8236616 -6.697031 0.77856445

2.3735516 -6.5581675 0.5774515

2.2155344 -6.5677443 0.6875848

2.081459 -6.1415763 0.5247791

1.6696564 -6.127211 -0.4233248

2.1532853 -7.305158 0.17522563

1.2961609 -6.965182 -0.413748

0.84126264 -7.444022 -0.94526076

0.4007295 -5.150377 -2.4344542

-0.293589 -7.764845 -1.3187562

1.0806828 -10.709713 -1.1320084

-0.8777742 -16.407913 -0.07377134

0.43903673 -18.136526 0.77856445

-1.0549451 -16.077513 -1.3331214

-1.3566146 -16.14934 -0.3036147

-1.0310031 -13.630639 -0.32755673

-1.2033856 -11.758373 -0.76808983

-1.73011 -9.6466875 -0.7920318

-1.8689737 -9.134329 -0.782455

-2.740463 -9.134329 -0.6100725

-2.036568 -9.24925 -0.27967268

-2.3430257 -8.971522 -0.49515083

-2.3047185 -9.182213 -0.61486095

-2.3382373 -9.402479 -0.36107555

-2.1610663 -10.518177 -0.6004957

-2.1036055 -9.316288 -0.5813421

-1.2177508 -10.767174 -1.0937012

-2.4723125 -11.14067 -0.04504092

-1.8354548 -11.183765 -1.0027215

-0.7436989 -10.637887 -2.4823382

-1.3901334 -10.139894 -2.9516017

0.9274539 -9.345018 -5.1207485

1.1237785 -9.019406 -4.8813286

0.9561843 -9.115175 -3.904494

0.47255555 -8.406491 -1.6587329

0.30496144 -9.512612 -0.782455

-0.3510498 -9.373749 -0.686687

0.22355859 -8.511836 -0.85428107

-0.06374562 -10.139894 -0.06419453

0.33848026 -9.531766 -0.66274494

-0.43245268 -11.193342 0.09861118

-0.55695117 -10.034548 -0.74893624

-0.068534024 -11.91639 0.75941086

-0.65750766 -9.153482 -0.36586395

0.12779051 -10.369737 0.16086042

-0.70060325 -10.072855 0.9557354

-0.27443537 -10.250027 0.927005

-1.0262147 -9.752032 1.0658686

-0.49470192 -8.334665 0.35239655

-0.7628525 -10.264392 1.5638627

-0.5330092 -9.297134 0.30930093

-0.38456866 -12.285098 2.124106

-0.28880057 -9.799916 1.2382512

-0.36541504 -9.479094 1.4345757

-0.7628525 -8.995464 1.2382512

-0.55695117 -9.536554 1.199944

-0.7389105 -10.499023 1.7841291

-0.6192004 -8.942792 1.8846856

-0.78200614 -9.991452 1.5830163

-0.39893386 -9.187001 1.4249989

-0.43724108 -9.565285 1.7123032

-0.28401217 -9.886107 1.6069583

-0.26964697 -9.804705 1.6309003

-0.614412 -9.737667 2.1193175

-0.5377976 -9.43121 1.8798972

-0.58089316 -9.584438 2.0714333

