-0.1882441 0.17911622 9.675418

-0.13078327 0.54782325 9.732879

0.18525136 0.2940379 9.747244

-0.14036007 0.1695394 9.48867

0.2379238 0.22700025 9.651476

-0.0398036 0.22700025 9.69936

-0.025438393 0.121655375 9.804705

-0.058957215 0.16475101 9.531766

0.17088614 -0.09382278 9.6227455

-0.25528175 0.11207857 9.852589

0.16609775 -0.6827964 9.771186

0.27623102 -0.7163152 9.723302

0.29538465 -0.64448917 9.81907

0.3624223 -0.6109703 9.641899

0.51565117 -0.65406597 9.627534

0.12779051 -0.43379942 9.5988035

0.2379238 -0.18959084 9.560496

0.29538465 -0.43379942 9.632322

0.18046296 -0.5199907 9.823858

0.05117606 -0.5439327 9.752032

0.31932664 -0.4433762 9.761609

0.3672107 -0.55350953 9.680206

0.3959411 -0.24705169 9.565285

0.51565117 -0.7977181 9.684995

0.51565117 -0.7977181 9.632322

0.18525136 -0.5391443 9.589227

0.22834699 -0.37155017 9.517401

0.501286 -0.5199907 9.48867

0.12779051 -0.65406597 9.723302

0.3528455 -0.43379942 9.661053

0.3528455 -0.3954922 9.512612

0.30496144 -0.8312369 9.55092

0.30496144 -0.5822399 9.627534

0.1038485 -0.6827964 9.603592

0.1038485 -0.25662848 9.613169

9.795577 -0.74025726 9.522189

0.2570774 -0.4098574 9.613169

0.34805706 -0.76419926 9.684995

0.29538465 -0.7977181 9.795128

0.055964466 -0.7977181 9.594015

0.08948329 -1.2334628 9.479094

0.8173206 -0.74504566 9.412056

0.3528455 -1.0084078 9.93878

-0.5090671 -0.5247791 9.857377

-1.0405799 -0.08903438 9.747244

-1.361403 0.12644377 9.708937

-1.8593969 0.03067571 9.536554

-1.433229 -0.5822399 9.752032

-2.1179707 -0.060303956 9.6945715

-1.6487072 -0.4098574 9.828647

-1.7971476 -0.026785132 9.7424555

-1.3230957 0.76808983 9.833435

-1.457171 0.05940613 9.594015

-1.0549451 -0.1273416 9.756821

-0.8825626 -0.5918167 9.900473

-0.887351 -0.30930093 9.7185135

-0.6048352 -0.33803135 6.0745387

-1.8354548 -1.4106337 11.145458

