-4.8329954 -0.8551789 8.459164

-4.8234186 -1.0754455 8.540566

-4.660613 -0.76419926 8.377761

-4.612729 -0.5439327 8.339454

-4.6318827 -0.70195 8.224532

-4.6749783 -0.7306804 8.229321

-4.742016 -0.8456021 8.305935

-4.813842 -0.78814125 8.210167

-4.876091 -0.91742814 8.076091

-4.9766474 -0.76419926 7.903709

-4.914398 -0.6109703 7.171083

-4.81863 -1.1233295 7.08968

-4.837784 -1.6692075 7.463176

-4.90961 -1.7793407 7.204602

-4.612729 -3.6899137 8.028207

-4.57921 -3.6228762 8.526201

-4.2727523 -4.5518265 8.966734

-4.5025954 -4.441693 10.3074875

-6.226421 -4.9540524 13.415161

-7.8161707 -3.7665281 14.866047

-9.717167 -4.2453685 16.498894

-11.373955 -2.9381344 16.398336

-12.604574 -1.7984943 15.8764

-11.86716 -2.2773347 15.316157

-13.102568 -3.1631894 14.1046915

-9.7602625 -0.67321956 8.689007

-8.845677 -0.5918167 7.4583874

-7.749133 0.17911622 5.7680807

-6.4849944 1.5198692 3.9580643

-3.6023757 1.6635213 2.1432595

-2.443582 1.7161937 0.8551789

-0.5234324 1.4959271 0.10339958

-0.5090671 0.9931448 -0.021098902

1.8803462 0.38980597 -1.0266637

0.14215572 -0.24705169 -0.1599626

2.6991632 -0.49604866 0.17043723

1.6744448 -1.3244425 0.20395605

2.8715456 -6.5198603 2.684349

-2.4818892 -5.8399067 3.5414732

0.8077438 -8.281993 4.3315597

-1.9407997 -9.895684 4.93011

-2.1993735 -11.571626 8.01863

-6.3317657 -11.638663 9.857377

-6.240786 -11.76795 11.269957

-7.653365 -13.046454 11.231649

-9.43944 -10.36016 12.524518

-12.039542 -9.091232 10.685771

-12.255021 -6.246921 13.290663

-13.883078 -7.1902366 11.437551

-15.022717 -4.202273 9.503036

-13.983634 -2.7992706 7.18066

-13.380296 2.017863 10.532542

-11.982081 2.4153006 7.3434653

-7.1122756 -1.2909236 5.4137387

-6.5089364 -2.6460419 4.9253216

-5.484218 -1.2526164 4.556615

-5.134665 -2.8902504 6.04102

-3.592799 -3.2398038 6.754492

-3.5161846 -4.6811132 7.8318825

-3.616741 -4.1112933 7.6786537

-3.664625 -3.6707602 7.827094

-3.7795467 -3.110517 8.114398

-3.8848915 -3.2733226 8.133553

-3.7316625 -2.6651955 8.219744

-3.8465843 -2.373103 8.3250885

-3.736451 -2.4161985 8.550143

-3.7795467 -1.9900305 8.2772045

-3.880103 -2.5885808 8.3729725

-3.8848915 -2.4784477 8.3011465

-3.5880105 -2.7226563 8.377761

-3.6454713 -2.420987 8.449587

-4.0046015 -2.5742157 8.636334

-3.880103 -2.420987 8.593239

-3.961506 -2.387468 8.612392

-3.43957 -2.033126 8.281993

-4.0764275 -1.7841291 8.861389

