-0.26964697 0.38022915 9.871742

-0.20260932 0.461632 9.560496

-0.41808748 0.13602059 9.6945715

-0.35583824 0.44726682 9.680206

-0.4468179 0.38501757 9.761609

-0.42766428 0.6004957 9.6706295

-0.6000468 0.49993923 9.713725

-0.293589 0.51909286 9.48867

-0.21697453 0.27967268 9.737667

-0.36541504 0.4664204 9.498247

-0.41329905 0.1503858 9.684995

-0.54258597 0.09292495 9.7424555

-0.5186439 0.054617725 9.81907

-0.48512512 -0.08424597 9.857377

-0.317531 0.36586395 10.355371

-0.36062664 0.1551742 11.159823

-0.23612814 0.8638579 12.055255

0.7838018 1.079336 13.309816

0.21877018 1.7161937 15.024065

0.62099606 1.0266637 15.4741745

0.19482817 -0.11776479 15.431079

0.8268974 0.10729016 11.523742

0.2475006 -1.3531729 9.69936

-0.102052845 -1.6500539 8.286781

-0.37020344 -0.5104139 4.7337856

0.61141926 0.461632 2.018761

2.1197662 1.8311154 1.8607436

1.7175405 -0.7067384 5.078551

1.7702129 1.0027215 6.5916862

2.105401 -0.6827964 9.0098295

2.5172038 -1.3627497 9.115175

2.8667572 -2.7130795 9.6706295

2.9242182 -0.87912095 9.354595

3.0151978 -2.8998272 10.278757

2.7662008 -1.9996073 9.924415

2.7278936 -1.5830163 9.48867

2.0527287 -2.507178 10.254815

1.4972739 -0.47210664 9.675418

0.5635352 -0.6827964 10.250027

0.17088614 1.0362405 9.895684

-0.22655134 0.9021651 9.799916

-1.5098435 2.2381296 10.2356615

-1.7732056 2.6020484 10.38889

-1.0022727 3.1622915 9.560496

0.43903673 3.1814451 8.94758

0.85083944 0.94047236 9.412056

1.2578537 2.0849009 8.976311

1.4446014 1.079336 8.765621

1.047164 0.34192193 8.535778

1.5930419 -0.060303956 7.338677

1.0327988 0.2988263 6.1224227

0.9513959 -0.4002806 4.8056116

1.1094133 -1.2621932 4.748151

0.61141926 -1.0084078 4.915745

0.46776715 -1.3435961 6.7975874

-0.48991352 -0.30930093 7.1662946

0.47255555 -0.16086042 7.8175173

0.05117606 0.22700025 12.00737

-0.56173956 1.7257705 13.08955

-1.3997102 -1.2143092 16.671276

-2.548927 0.66274494 18.69677

-2.917634 -0.5343559 14.9330845

-2.2472575 -0.41943422 12.002582

-1.1746552 0.43769 9.45994

-1.5912462 -0.20874447 8.94758

-1.3278841 -0.10818799 8.473529

-1.6965911 -0.20395605 8.985888

-2.003049 -0.25184008 9.349807

-2.275988 -0.079457566 9.6945715

-2.716521 1.1942577 9.661053

-2.8075008 0.9165303 9.6706295

-2.917634 1.0649709 9.704148

-3.2336686 1.1559505 9.512612

-2.8793268 0.13602059 9.388114

-3.1043818 -0.14170681 9.187001

-2.2520459 0.021098902 9.172636

-2.6494834 -0.7211036 9.929203

-2.845808 -1.0802339 9.962722

-2.692579 -1.0562918 10.350583

-0.9639655 -3.5462615 10.082432

0.76464814 -4.0921397 9.881319

1.4924855 -6.2373443 11.284322

-0.26007015 -4.7433624 10.62831

-0.293589 -3.005172 9.900473

-0.7484873 -1.84159 9.0577135

-0.37020344 0.35149872 8.689007

-0.79637134 0.40895957 9.153482

-0.9448118 -0.20874447 9.761609

-0.9256582 0.37065235 9.708937

-0.82031333 0.1599626 9.886107

-0.78679454 0.73935944 9.474305

-0.67666125 -0.17043723 9.512612

-0.99269587 0.0067336923 9.531766

-0.65750766 -0.045938745 9.45994

-0.81552494 0.2988263 9.627534

-0.6431424 0.66274494 9.795128

-0.82031333 0.09292495 9.632322

-0.7628525 0.18390462 9.905261

-1.4284406 0.35149872 9.115175

-0.7436989 -0.42901102 10.125528

