3.9393597 4.54614 7.204602

3.0582933 5.1686325 7.827094

3.6376903 5.020192 7.6738653

3.27856 5.068076 7.8462477

3.1301196 4.957943 7.740903

3.5610757 4.689792 7.6642885

3.4030585 4.7280993 7.8318825

3.470096 4.7424645 7.716961

3.5084033 4.6083894 7.6595

3.680786 4.345027 7.6738653

3.470096 4.594024 7.6164045

3.455731 3.6746507 7.491906

3.613748 1.8837879 6.505495

4.001609 0.35628715 5.9069443

2.732682 -0.20395605 6.2756515

1.7031752 0.11207857 5.2940288

0.6976105 3.2101755 6.151153

1.0615292 5.968296 4.906168

1.4781203 3.9332244 7.099257

-1.3757682 9.324966 6.1415763

-0.66229606 7.428759 6.682666

-2.6973674 8.759935 6.802376

-2.6877906 6.384887 6.208614

-1.2895769 4.3977 8.152706

-2.467524 3.0090625 7.9228625

-0.78679454 0.95962596 8.01863

-1.1794436 1.376217 11.26038

-2.3430257 -1.3196541 15.890765

-2.9032688 -1.0131962 17.10702

-2.6063879 -0.8312369 16.455797

-2.5920227 -0.06988076 14.061596

-2.443582 0.21742344 10.757597

-2.8170776 0.34192193 9.795128

-3.0181906 0.61964935 9.6227455

-3.3725324 0.8399159 9.713725

-3.2097266 0.93568397 9.24925

-3.190573 0.7202058 9.139117

-3.1235354 0.85428107 9.0098295

-3.1139586 0.8447043 8.985888

-3.0612862 1.00751 8.847024

-2.9798832 0.93568397 9.143906

-3.0660746 0.75372463 9.158271

-3.0134022 0.6771102 9.196578

-2.8362312 0.9117419 9.201366

-2.8793268 0.782455 9.005041

-2.7835588 0.8782231 9.028983

-2.8745384 0.92610717 9.268404

-2.9367876 0.9117419 8.961946

-2.8075008 0.94526076 9.062502

-2.8075008 0.6004957 9.158271

-2.7596169 1.1559505 10.020183

-2.6255414 -0.2901473 8.689007

-3.070863 1.0027215 9.43121

-3.0612862 1.5150808 9.124752

-2.98946 1.0218753 9.321076

-3.0612862 1.0362405 9.172636

-2.9463644 0.94526076 9.110387

-2.9846716 1.0601825 9.072079

-2.7452514 0.97877955 8.851812

-2.8793268 0.8207623 9.110387

-2.9990368 0.7010522 9.124752

-2.8793268 0.7920318 9.22052

-2.8170776 0.8351275 9.196578

-3.0564978 0.8111855 9.239674

-2.8841152 0.95004916 9.028983

-2.917634 0.96441436 9.076867

-3.0517094 1.0841244 9.0337715

-3.5113962 -0.77856445 10.106375

