-0.25528175 0.23657705 9.632322

0.48213238 -0.5008371 9.69936

-0.015861586 -0.21832126 9.656264

0.28101942 -0.43379942 9.584438

-0.20739773 -0.32845455 9.924415

0.23313539 -0.48647186 9.627534

-0.10684125 -0.5247791 9.5988035

0.065541275 -0.48168346 9.627534

-0.04938041 -0.42901102 9.483882

-0.082899235 -0.49604866 9.790339

-0.13557167 -0.3907038 9.756821

-0.4707599 -0.15128362 9.799916

-0.5186439 0.0067336923 9.833435

-0.7532757 0.21263504 9.919626

-0.80115974 0.27488428 9.656264

-1.0501567 0.62443775 9.713725

-1.3230957 0.64837974 9.555708

-1.1411364 0.7920318 9.503036

-1.6774375 0.95483756 9.723302

-1.4906899 0.8686463 9.6945715

-1.5242087 0.85428107 9.890896

-1.5720927 0.62443775 9.72809

-1.409287 0.8973767 9.493459

-1.7684172 0.8447043 9.258827

-1.9886838 1.2852374 8.698584

-0.7484873 1.2373533 8.521413

-2.4340053 -0.08424597 9.775974

-0.80115974 -0.2709937 9.383326

-1.2321161 -0.6875848 9.881319

-2.4100633 -0.76898766 10.74802

-1.6247652 -0.44816464 10.154259

-1.979107 0.4664204 10.221296

-2.3286605 -0.91742814 10.326641

-2.7644053 -1.4202105 9.799916

-2.3047185 -2.5215433 10.063278

-3.2432454 -3.800047 10.163836

-2.5872343 -2.98123 9.665841

-1.5433623 -2.1911435 9.19179

-1.5577275 -2.602946 9.531766

-1.385345 -1.6883612 9.421633

-0.5042787 -0.77856445 8.976311

-0.21697453 -0.67321956 9.512612

-0.011073183 -0.34760815 8.985888

0.252289 -0.41943422 9.416844

-0.27922377 0.021098902 9.19179

0.75507134 -0.09382278 9.072079

0.16609775 -0.18959084 9.627534

0.63057286 0.021098902 9.325865

0.51565117 -0.026785132 9.732879

0.20440497 -0.19916765 9.661053

0.21877018 -0.031573534 9.6706295

0.47255555 -0.24705169 9.953145

0.22834699 0.021098902 9.814281

0.09427169 -0.1225532 9.943568

0.2427122 -0.32845455 9.7424555

0.26665422 -0.14170681 9.641899

0.5395932 0.07377134 8.248474

0.20919338 0.53824645 9.407268

