3.350386 9.506926 -0.054617725

3.230676 9.46383 -0.1503858

3.1492732 9.425523 -0.25573066

3.2881367 9.387216 -0.24615386

3.2115223 9.387216 -0.3131915

3.3455975 9.478195 -0.1695394

3.077447 9.243564 -0.24615386

3.0582933 9.540445 -0.6004957

3.2977135 9.382427 -0.19348143

3.3695395 9.334543 -0.37544075

3.0630817 9.0137205 -0.0019452889

3.0966005 8.812608 -0.52866966

2.8380268 6.815843 -0.2988263

2.8811226 4.282778 -0.3179799

2.7422588 2.0226514 -0.04504092

1.6600796 2.1615152 -0.75372463

-0.39414546 -0.23268647 1.1376947

0.822109 -0.32845455 -0.3179799

-2.3573909 3.607613 2.0235493

-2.218527 6.193351 -0.7058406

-2.1850083 11.71438 -1.7066169

-1.5720927 15.841984 0.46252984

-1.5816694 16.450111 -1.2852374

-0.12599486 18.1069 -0.47599724

-1.1698668 19.864243 1.8128597

-1.4380174 16.943317 1.9948189

-1.6056116 16.36392 2.2533927

-2.242469 14.386309 1.3292309

-2.3621793 11.02485 1.0562918

-1.9551649 10.158149 0.99883103

-1.5433623 10.014497 0.30930093

-1.2560581 9.808596 0.17522563

-1.3566146 9.190891 0.14170681

-1.4859015 9.186103 0.55829793

-1.5912462 8.860492 0.66843116

-1.5720927 9.0376625 0.6875848

-1.5146319 9.846903 0.4433762

-1.6439188 9.741558 0.90785134

-1.5625159 9.688886 0.9413702

-1.5050551 9.6505785 0.86954415

-1.682226 9.46383 1.046715

-1.4475942 9.320178 1.0323498

-1.5337855 9.468618 0.7977181

-1.6199768 9.248352 0.9701006

-1.5864578 8.285883 -1.1080664

-1.2752117 10.100688 0.5726631

-1.6870143 9.870845 0.74983406

