-3.3773208 -1.6069583 9.201366

-3.2288802 -1.8224365 9.024195

-3.3581672 -1.6883612 9.014618

-3.31986 -1.5734395 8.914062

-3.4204164 -1.5399206 9.03856

-3.343802 -1.6787843 8.961946

-3.3246484 -1.6739959 8.684218

-3.2480338 -1.7266684 8.3969145

-3.2863412 -1.6548423 8.138341

-3.2097266 -1.3771149 7.6259813

-3.2288802 -1.223886 6.682666

-3.4252048 -0.8360253 6.4240923

-5.421969 -0.37155017 6.481553

-6.1593833 -0.021996727 6.7497034

-6.9351044 -0.44816464 7.42008

-7.2559276 0.03067571 7.2285438

-8.773851 -0.5774515 9.929203

-9.128193 -0.46731824 10.436774

-8.912715 -1.4920366 11.423185

-8.989329 -2.5406969 12.227637

-7.8161707 -3.9867947 13.305028

-7.1936784 -4.973206 13.683311

-6.676531 -6.103269 13.577967

-5.556044 -6.5102835 12.644228

-3.5975873 -6.2181907 11.830199

-2.5776575 -5.068974 10.053701

-1.5816694 -4.24058 8.933215

-0.9831191 -3.5797803 7.587674

-0.26964697 -1.9996073 6.1798835

0.32411507 -1.6117467 4.958841

0.7694366 -0.65885437 4.4656353

1.248277 0.5526117 4.202273

1.1285669 0.8111855 4.2070613

0.9466075 1.2517185 3.9724295

0.50607437 1.1320084 3.7904701

0.017657237 0.782455 4.6715364

-0.89692783 2.693028 4.724209

-1.2369045 1.9508255 5.092916

-2.4962544 2.2237644 6.433669

-2.9319992 2.6595092 7.3674073

-4.971859 2.5206454 8.837447

-5.134665 0.8638579 10.379313

-5.6996965 2.989909 12.117504

-5.7619457 0.7297826 12.055255

-6.6573772 0.35628715 12.481422

-6.2120557 -0.045938745 11.514165

-5.8577137 -0.74025726 12.06962

-5.6422358 -1.1329063 10.920403

-5.647024 -1.544709 11.001805

-5.436334 -2.0379145 10.5086

-5.0245314 -2.234239 10.106375

-4.866514 -3.278111 9.890896

-4.2727523 -3.1440358 9.076867

-4.3206363 -2.909404 8.938004

-4.3924623 -3.1727662 8.746468

-4.507384 -2.148048 8.210167

-4.5648446 -2.148048 7.9851117

-4.718074 -1.27177 7.999477

-4.6079407 -1.1041759 7.6595

-4.8569374 -0.91742814 7.975535

-4.9766474 -0.9461586 7.9899

-4.8952446 -1.2621932 8.042572

-4.684555 -1.1951555 8.052149

-4.756381 -1.0036194 8.167071

-4.67019 -1.0802339 8.234109

-4.5744214 -0.9413702 8.310723

-4.6414595 -1.2621932 8.262839

-4.756381 -1.3675381 8.698584

-5.125088 -1.7506104 8.339454

-4.914398 -0.9701006 8.080879

