-1.1028291 0.35628715 9.60838

-0.7436989 0.18390462 9.6945715

-0.8681974 0.021098902 9.656264

-1.0453683 0.21263504 9.55092

-0.8825626 0.054617725 9.637111

-0.911293 -0.11776479 9.560496

-0.9687539 0.09771336 9.775974

-1.0022727 0.16475101 9.613169

-1.0214263 -0.23268647 9.81907

-1.0357915 -0.11776479 9.809493

-1.0118495 0.06419453 9.7185135

-1.112406 -0.34760815 9.833435

-1.0597335 -0.2614169 9.6945715

-0.90171623 -0.42422262 9.799916

-0.9304466 0.088136554 9.862165

-1.1938088 0.34192193 10.135105

-0.7149685 -0.33803135 11.76795

-0.48512512 0.76330143 13.592332

-0.6431424 0.9117419 14.550013

-0.1882441 0.25573066 15.440656

-0.21697453 -0.17043723 15.431079

0.032022446 0.07377134 15.340099

-0.21697453 1.6395793 13.951462

-0.8729858 -0.9222166 12.42875

-0.5377976 1.6443677 4.3507133

0.29059622 -1.3005004 1.1376947

0.6976105 -1.5016134 0.23268647

1.5355811 -0.98925424 1.223886

2.7278936 0.3179799 6.539014

2.579453 -0.9653122 7.9803233

3.3216555 -1.4154221 8.602816

4.432565 -1.2574048 9.254039

3.7095163 -2.3204303 10.020183

3.8004959 -2.397045 9.752032

3.8292263 -1.3244425 9.210943

3.2450411 -1.6500539 8.751256

2.2203228 -0.36676177 8.899696

1.1381437 1.2517185 8.885331

1.7654245 1.3666402 8.981099

0.30496144 3.205387 9.373749

-1.2752117 4.3737574 10.877307

-1.4954783 7.179762 9.0337715

0.032022446 6.217293 8.741679

0.48692077 4.167856 8.837447

1.2865841 1.7736546 8.052149

1.5643115 1.4624083 6.8215294

1.3392565 0.50472766 5.7537155

0.75507134 -0.49126026 4.728997

1.0280104 -1.1760019 4.096928

0.63536125 0.36586395 4.8104

-1.0597335 0.38022915 4.4464817

-3.3485904 -0.5487211 9.641899

0.00808043 -0.25184008 9.464728

-2.1850083 -0.14170681 13.841329

-2.2951417 0.7010522 18.026394

-3.5305498 1.079336 19.32405

-3.4347816 0.76808983 16.972944

-3.3868976 0.782455 13.094338

-3.2001498 0.96920276 10.12074

-3.951929 1.529446 7.4344454

-4.172196 2.123208 7.1519294

-3.961506 2.2812252 7.5110598

-4.1195235 1.6347909 7.942016

-3.3821092 1.3331214 9.254039

-3.8322191 -0.15607202 10.005817

-3.5018194 -1.6261119 9.929203

-1.6199768 -3.9149687 10.824635

-0.39414546 -5.6004868 10.125528

-0.54258597 -4.7673044 10.489447

-1.5242087 -4.556615 10.446351

-1.6056116 -3.1488242 9.632322

-1.4619594 -1.6117467 9.072079

-1.4475942 -1.472883 9.335442

-1.5385739 -1.0419266 9.632322

-1.3326725 -0.64448917 9.661053

-1.3949218 -0.5918167 9.641899

-1.4380174 -0.24226329 9.613169

-1.5673043 -0.725892 9.732879

-1.409287 -0.21832126 9.656264

-1.3661914 -0.007631518 9.503036

-1.3997102 0.16475101 9.321076

-1.1555016 -0.09861118 9.455152

-1.4859015 0.16475101 9.45994

-1.3901334 -0.026785132 9.230097

-1.2656349 0.088136554 9.34023

-1.4140754 0.17911622 9.474305

-1.457171 0.47599724 9.526978

-1.3566146 -1.0323498 9.177424

-0.13557167 0.7058406 10.245238

-1.7157447 -1.3052888 9.445575

-1.2129624 0.54303485 10.048913

-0.79637134 -0.08903438 9.780763

-1.4715363 -0.036361936 9.723302

-1.5673043 -0.065092355 9.555708

-1.2608465 0.1551742 9.48867

-1.457171 -0.2901473 9.5988035

-1.409287 0.25094226 9.522189

-1.361403 0.1455974 9.570073

-1.4284406 -0.112976395 9.641899

-1.4428058 0.24615386 9.407268

-1.2129624 0.37065235 9.440786

-1.4619594 0.2653075 9.450363

-1.433229 0.1743278 9.546131

-1.4236522 0.1599626 9.388114

-1.3278841 0.3036147 8.2532625

-1.6774375 -0.35718498 9.732879

-1.136348 0.11207857 9.273192

-1.4667478 0.1455974 9.43121

-1.3374609 0.08334815 9.713725

-1.4188638 0.25094226 9.756821

-1.5625159 0.1599626 9.69936

-1.4428058 -0.041150343 9.637111

-1.3805566 0.088136554 9.435998

-1.4523826 0.04504092 9.555708

-1.4284406 0.12644377 9.684995

-1.5481507 0.03067571 9.560496

-1.4667478 0.34671032 9.6945715

-1.5864578 0.27967268 9.560496

-1.5433623 0.021098902 9.584438

-1.4140754 0.12644377 9.483882

-1.4859015 0.37544075 9.110387

-1.6008232 -0.29493573 9.895684

