3.1492732 5.9347773 7.257274

3.551499 5.6426845 7.18066

3.350386 5.709722 7.314735

3.51798 5.6762033 7.1662946

3.2594063 5.6091657 7.185448

3.383905 5.6666265 7.2764277

3.1923687 5.613954 7.314735

3.326444 5.4990325 7.1423526

3.4365773 5.637896 7.266851

3.446154 5.6283193 6.931663

3.4365773 5.4846673 7.156718

3.5850177 5.068076 7.20939

3.541922 4.7424645 7.314735

3.527557 4.129549 7.4823294

3.551499 3.8613985 7.42008

3.340809 2.1184196 7.444022

3.1301196 1.7592894 7.2524858

3.2689831 1.7305589 6.3091702

4.284125 2.549376 6.807164

2.8667572 2.1088428 6.562956

2.8571804 2.2093992 8.090456

1.7702129 4.7999253 7.003489

2.3879168 3.7321115 6.7497034

0.83168584 2.9611785 8.818294

0.822109 2.4727614 7.6307697

0.6640917 4.603601 9.972299

0.5779004 3.9715316 9.684995

-1.1267712 9.693674 13.147011

-1.5242087 10.191668 11.849353

-1.5720927 7.9794254 11.873295

-1.5481507 6.2364464 9.69936

0.34805706 2.3051674 7.396138

-0.3462614 3.593248 7.549367

-1.0693103 2.4583962 6.2277675

-1.0357915 3.0377932 7.084892

-1.1746552 3.5118449 6.816741

-2.5106196 2.894141 7.1902366

-2.1897967 2.2572832 8.564508

-2.098817 1.2277765 9.03856

-2.1371243 -1.1329063 9.890896

-1.8833389 -1.3962685 10.384102

-3.3485904 -1.4106337 9.680206

-1.6487072 -1.4154221 9.6466875

-2.3861213 -2.828001 11.681759

-1.9838954 -4.6571712 13.788656

-2.6255414 -4.652383 14.310593

-1.4188638 -3.7138557 13.697677

-1.7875708 -2.420987 11.576414

-2.1658547 -0.8168717 10.3074875

-2.7069442 -0.08903438 9.594015

-3.070863 0.040252518 9.03856

-2.7931356 -0.24226329 8.813505

-2.7069442 0.03546411 8.382549

-2.4771008 -0.14170681 8.813505

-2.3382373 0.06419453 9.306711

-2.285565 0.054617725 8.981099

-2.2711997 -0.42422262 9.675418

-2.4052749 -0.18001404 9.354595

-2.3526025 -0.23747487 9.522189

-2.3047185 -0.20395605 9.196578

-2.122759 -0.10818799 9.206155

-2.2328923 -0.19437926 9.330653

-2.309507 -0.16564883 9.349807

-2.194585 -0.041150343 9.43121

-2.218527 -0.045938745 9.574862

-1.4140754 -0.4433762 10.618733

