0.61141926 10.062381 -0.7154174

0.61620766 9.961824 -0.5669769

0.6928221 9.85648 -0.50951606

0.73591775 9.980978 -0.8638579

0.86041623 9.717616 -0.6962638

0.7885902 9.521291 -0.6914754

0.9083003 9.550022 -0.6052841

0.9657611 9.214833 -0.65795654

0.9466075 8.850915 -0.8016087

0.8843582 7.9075994 -0.782455

0.74070615 6.4375596 -1.12722

0.9561843 2.8318918 -1.5007155

0.3863643 0.8686463 -1.1894693

-0.69102645 1.2469301 0.6109703

-2.7787704 1.3139678 1.4633062

-3.9998133 3.6985927 4.475212

-6.4035916 5.9587193 4.408174

-6.394015 9.0616045 8.631546

-12.168829 17.436522 10.3074875

-12.776957 17.843536 11.231649

-11.0579195 18.011131 11.322629

-9.343672 15.200337 9.354595

-6.202479 7.4574895 5.0402436

-5.398027 5.8102784 4.168754

-4.7994766 5.2739773 3.8670847

-4.8090534 5.8007016 4.8104

-5.144242 6.1311016 5.332336

-5.196914 6.6290956 5.614852

-5.24001 6.475867 5.519084

-4.876091 6.159832 5.2557216

-4.765958 6.3657336 5.2413564

-4.890456 6.404041 4.9684176

-4.660613 6.404041 5.3275476

-4.7228622 6.475867 5.346701

-4.742016 6.451925 5.2940288

-4.756381 5.9156237 5.226991

-4.718074 6.0832176 5.298817

-4.7611694 6.3082724 5.3036056

-4.612729 6.5093856 5.322759

-4.6989202 6.475867 5.504719

-5.517737 6.2268696 -1.9604023

-4.7276506 6.231658 5.2317796

-4.971859 6.8493624 5.3131824

