2.9290066 7.5053735 6.1559415

2.4405894 7.629872 6.1798835

2.684798 6.9211884 6.457611

2.885911 7.323414 5.9308867

2.885911 6.801478 6.4959183

3.0343513 6.480655 6.433669

3.0343513 6.3657336 6.5007067

2.9912558 6.088006 6.5198603

2.7757776 6.183774 6.577321

2.981679 5.977873 6.6778774

2.981679 5.0154037 6.9843354

3.503615 4.8382325 6.94124

3.503615 3.8518217 6.4480343

4.4229884 0.38501757 6.9508166

7.1475897 -4.6619596 4.532673

4.528333 -11.782315 3.7377977

1.0806828 -15.862035 3.728221

-1.0597335 -11.940332 3.9820063

-1.0597335 5.8629513 12.716054

-14.443321 25.84017 11.255591

-14.443321 23.627928 12.821399

-13.03553 22.258444 7.415292

-9.990106 11.5372095 2.090587

-12.64767 6.370522 -3.5070565

-12.173617 3.8135145 -6.562058

-10.96694 3.344251 -4.910059

-10.96694 -0.7354688 5.8973675

-16.30601 -10.542119 20.82761

-14.270939 -14.684088 23.935284

-10.765827 -15.421502 23.308002

-4.756381 -4.920533 11.552472

-5.2112794 -2.435352 8.55972

-7.1122756 -2.0857985 8.056937

-7.3086 -0.78814125 7.137564

-6.777087 -0.76419926 7.161506

-6.777087 -0.6349124 6.720973

-7.054815 -0.78814125 6.9268746

-6.8393364 -0.5104139 6.8837786

-7.198467 -1.6404771 6.831106

-6.9973536 -0.6013935 6.888567

-7.3133883 0.021098902 6.553379

-7.394791 -0.9701006 6.7880106

-7.394791 -0.86954415 6.199037

-7.394791 -0.86954415 6.2181907

-7.3995795 -0.725892 6.1703067

-7.4714055 -1.544709 6.256498

-6.944681 0.5909189 6.7257614

