-3.2671876 -2.1384711 9.143906

-3.1857846 -2.2964883 9.0098295

-3.0995934 -2.114529 8.966734

-3.2671876 -1.9852421 8.856601

-3.2863412 -1.9469349 8.837447

-3.391686 -1.8511668 8.77041

-3.3629556 -1.865532 8.837447

-3.2336686 -1.913416 8.698584

-3.2863412 -1.9708769 8.722526

-3.0995934 -2.124106 8.756044

-2.6303298 -2.660407 8.449587

-2.6638486 -3.4648588 8.229321

-2.2472575 -4.226215 8.55972

-2.4531589 -5.02109 10.197354

-2.8793268 -4.3794436 11.164612

-3.664625 -3.6947021 12.136658

-4.2488103 -3.9436991 12.347347

-4.828207 -1.0275614 12.945897

-5.3692966 -2.8375778 13.147011

-4.746804 -1.5734395 11.566837

-4.3733087 -1.5399206 11.389667

-3.4778771 -1.817648 9.440786

-3.2240918 -0.66364276 8.909273

-2.7308862 -1.3483845 8.722526

-2.2520459 -0.66364276 9.024195

-2.3813329 -0.46252984 9.397691

-2.1371243 0.21742344 9.277981

-2.1371243 0.53824645 9.594015

-2.6351182 0.14080898 10.2117195

-3.2863412 1.7928082 9.943568

-4.0668507 0.8447043 8.621969

-4.196138 3.3298857 5.6244287

-5.776311 5.977873 2.0714333

-7.782652 3.559729 -8.592341

-7.251139 -2.507178 -11.02485

-8.132205 -8.20059 -10.7567

-5.311836 -17.801338 -7.060052

-5.182549 -32.54962 14.358477

-3.5161846 -28.225693 24.193857

-7.370849 -21.823597 35.030014

-10.971728 -14.037654 34.527233

-19.116802 0.5861305 18.921825

-17.373823 11.68565 9.105598

-10.852018 12.595447 5.078551

-6.6621656 4.5509286 3.8096237

-1.8785505 -3.053056 6.1655183

-2.333449 -3.479224 8.382549

-2.5154083 -2.6316767 8.971522

-1.9934722 -2.363526 9.124752

-3.1714194 -2.7035027 9.258827

-2.7308862 -3.076998 9.052925

-2.6399066 -2.4640825 8.698584

-2.6542718 -2.4976013 8.952369

-2.3142953 -2.373103 8.909273

-2.5441387 -2.4688709 9.119964

-6.3652844 -0.22789808 15.60825

-2.6015995 -3.134459 9.421633

