-4.81863 -1.769764 8.258051

-4.6654015 -1.8463784 8.123976

-4.742016 -1.8846856 8.147918

-4.7851114 -1.84159 8.162283

-4.828207 -1.84159 7.9899

-4.7228622 -1.7793407 8.085668

-4.861726 -1.9756653 8.028207

-4.981436 -1.8798972 7.8989205

-4.93834 -1.7027264 6.979547

-5.24001 -1.3100772 6.539014

-5.311836 -1.0036194 6.0027127

-5.469853 -0.5056255 5.638794

-6.690896 -0.32366616 5.552603

-7.346907 0.5526117 5.8973675

-8.156147 0.9979332 6.256498

-9.0515785 1.0362405 6.673089

-11.043554 1.0266637 6.831106

-12.034754 0.7728782 7.4105034

-12.513595 0.9021651 7.3865614

-12.733861 0.121655375 7.3817725

-12.551902 0.75372463 9.761609

-12.489653 2.6307788 10.230873

-12.293328 4.09603 10.465505

-12.64767 4.8238673 9.795128

-12.537537 3.013851 10.063278

-11.929409 2.3578398 9.996241

-11.666047 1.7161937 9.096021

-9.951798 0.2605191 9.03856

-7.7060375 0.3036147 8.607604

-6.7579336 -0.19916765 8.53099

-5.556044 -1.3771149 7.6164045

-3.8370075 -1.5638627 7.755268

-1.0357915 -1.6739959 6.2421327

-0.15951368 -1.6452655 5.935675

0.6640917 -1.4393641 5.2413564

1.4829087 -0.079457566 4.5997105

2.3974938 0.54782325 4.12087

3.125331 1.1990461 3.2110734

2.5842414 2.324321 3.2972646

2.1484969 2.6642976 3.2158618

1.7797897 3.880552 2.4688709

1.6792332 4.641908 1.6692075

3.407847 5.173421 1.5494974

0.43903673 6.547693 2.5263317

1.8276737 7.203704 2.3108535

-0.0398036 6.34658 4.858284

-0.06374562 6.6674027 2.5502737

-1.0788871 7.7831006 3.9628527

1.0184336 5.173421 4.288464

-2.4579473 4.105607 7.204602

-1.8210896 4.043358 5.748927

-5.010166 4.6466966 7.8414593

-4.1769843 3.4256537 8.914062

-5.647024 2.099266 9.526978

-4.210503 3.6650739 9.60838

-5.4076037 2.8654106 9.0816555

-5.680543 1.6683097 11.38009

-7.605481 1.4193127 10.757597

-6.3652844 0.6914754 8.981099

-8.132205 -0.48168346 8.775198

-6.801029 -1.8080711 10.977863

-8.256703 -0.927005 11.509377

-7.974188 -2.033126 10.082432

-8.4386635 -2.7705402 11.471069

-6.504148 -2.08101 9.57965

-6.700473 -2.4976013 10.417621

-7.322965 -4.0681977 9.871742

-5.0532618 -2.8663085 9.153482

-4.569633 -3.43134 8.368184

-3.9327755 -2.9716532 8.55972

-4.555268 -2.7418098 8.79914

-4.756381 -1.2813468 8.104821

-5.278317 -1.9421465 8.363396

-5.469853 -1.4297873 8.032995

-5.4506993 -1.1233295 7.8701897

-5.656601 -0.88390934 7.4966946

-5.704485 -0.25662848 7.4009266

-5.6996965 -0.7067384 7.683442

-5.910386 -0.49604866 7.764845

-5.919963 -0.34281975 7.6164045

-5.910386 -0.5774515 7.8079405

-5.8289833 -0.41943422 7.7121725

-5.7715225 -0.19916765 7.5062714

-5.8768673 -0.67321956 7.645135

-5.71885 -0.55350953 7.6164045

-5.8194065 -0.3954922 6.687454

-5.71885 0.35149872 7.6738653

