0.62099606 0.32755673 9.522189

0.19003975 -0.050727148 9.828647

0.5539584 0.054617725 9.522189

0.45819035 0.08334815 9.675418

0.31453824 0.021098902 9.761609

0.27623102 -0.10339958 9.833435

0.48213238 0.22221185 9.55092

0.34805706 -0.14649522 9.60838

0.31453824 -0.050727148 9.752032

0.21877018 -0.08903438 9.651476

0.3672107 -0.15128362 9.775974

0.3624223 -0.021996727 9.5988035

0.6832453 -0.48168346 9.6706295

0.58747727 -0.37633857 9.785551

0.9226655 -1.2095208 9.661053

1.0806828 -1.1616367 9.546131

0.58747727 -1.7314568 9.93878

1.023222 -1.8272249 9.661053

1.4302362 -2.0235493 9.55092

1.7223289 -2.090587 9.57965

2.1484969 -2.9524996 9.536554

2.009633 -3.800047 9.680206

2.0479403 -3.0099604 9.594015

1.865981 -3.1775546 9.747244

0.19961657 -3.254169 9.919626

0.13257892 -3.3403602 10.015394

-0.4563947 -3.182343 10.250027

-0.8538322 -1.3388077 10.556484

-0.6287772 -2.957288 10.36016

-3.0564978 0.8830115 10.527754

-2.5824459 1.946037 9.584438

-4.3589435 1.8119618 9.225308

-4.4403462 1.2996026 8.674642

-4.2775407 2.4967034 8.593239

-3.5066078 1.4432547 9.06729

-2.3621793 1.2756606 9.412056

-1.7205333 1.2996026 9.72809

-1.6774375 0.94047236 9.775974

-1.5337855 0.3131915 9.8478

-0.5234324 0.06898294 9.900473

-0.7532757 0.22700025 9.823858

-0.317531 0.6004957 9.637111

-0.087687634 -0.23747487 9.665841

-0.341473 -0.036361936 9.69936

-0.6287772 0.07377134 9.905261

-0.38456866 0.2653075 9.603592

-0.26485857 0.2988263 9.627534

-0.1690905 0.2988263 9.651476

-0.3510498 -0.2853589 9.737667

-0.20739773 0.025887307 9.5988035

0.07511808 0.62443775 8.67943

-0.70060325 -0.43379942 9.957933

-0.9304466 1.4384663 9.531766

