1.6505028 5.7049336 7.8462477

2.5507226 3.880552 8.329877

2.2969372 4.6850038 8.756044

2.2729952 4.6706386 8.29157

2.1580737 4.5365634 7.999477

2.3639748 4.570082 7.927651

2.234688 4.6562734 8.071302

2.25863 4.4407954 8.090456

2.2394764 4.7185225 8.2532625

2.282572 4.8813286 8.756044

2.2777836 4.9627314 8.44001

2.2538416 5.068076 8.813505

2.210746 4.771195 8.2532625

2.3591864 4.661062 6.673089

1.9186534 2.7457004 2.234239

1.7319057 1.7497126 1.3052888

1.2243348 -0.86954415 0.23747487

1.5116391 -0.031573534 0.1225532

2.3927054 -0.88869774 3.0817864

-0.863409 -0.2901473 14.554801

-3.367744 -1.3627497 10.800693

-4.804265 -0.78814125 13.822175

-3.5401266 -2.5454853 20.516363

-5.0915694 -1.3866917 20.956896

-4.914398 -0.079457566 17.274614

-4.4547114 -0.91742814 14.640992

-3.7603931 -1.3244425 12.380866

-3.2049382 -1.520767 9.589227

-3.3533788 -2.3012767 9.024195

-3.238457 -1.8751088 8.368184

-3.2528224 -1.5542858 8.44001

-3.5880105 -1.496825 8.100033

-3.43957 -2.1767783 8.631546

-3.2049382 -2.090587 9.062502

-3.2049382 -1.7601871 8.928427

-3.2336686 -1.9708769 8.880543

-3.1953614 -2.2964883 8.966734

-3.3007064 -1.5830163 8.722526

-3.0564978 -2.4497173 9.052925

-3.1474774 -2.2246623 9.06729

-3.3007064 -1.9996073 8.82787

-3.271976 -1.8846856 8.67943

-3.1091702 -1.9613001 8.79914

