-0.48033673 -1.8607436 10.015394

-1.0357915 -0.89827454 9.96751

-0.4659715 -0.75462246 9.785551

-0.8298902 -0.87433255 9.72809

-0.7149685 -0.9557354 9.675418

-0.90650463 -0.9653122 9.732879

-0.935235 -1.1903671 9.675418

-0.76764095 -1.1185411 9.627534

-0.8538322 -0.99883103 9.584438

-0.82031333 -1.223886 9.708937

-0.9496002 -1.0993875 9.613169

-0.6048352 -1.2047324 9.584438

-0.7628525 -0.87433255 9.435998

-0.8777742 -1.0993875 9.799916

-0.7484873 -0.87912095 10.226085

-0.12120646 -0.9701006 11.6769705

0.11342531 -0.33803135 12.672958

0.8125322 -1.0419266 14.703241

-0.68144965 -0.76898766 15.024065

-1.2273277 -1.8751088 15.857246

-1.0549451 -1.1903671 15.895554

-1.112406 -0.7977181 14.650569

-1.0022727 -2.8136358 13.764714

-0.9304466 -1.5973815 10.896461

-2.003049 -2.8806736 8.837447

-2.6063879 -3.7617397 6.079327

0.15652093 -1.0850223 -1.6108488

2.0192099 -1.8511668 -1.1511621

3.4126353 0.52866966 0.67321956

3.8914757 1.4241011 3.6516066

3.0199862 -0.9653122 8.564508

4.695927 -1.3196541 8.928427

4.360739 -2.7705402 10.173412

4.5331216 -3.0195372 10.317064

4.8395796 -3.407398 9.785551

3.7238815 -2.5933692 10.039336

2.6704328 -2.3204303 9.565285

1.3009493 -1.6404771 10.326641

-1.0980407 0.7728782 9.55092

-1.6726491 2.7457004 9.531766

-1.7061679 5.3218613 8.3490305

-1.7732056 6.0113916 8.981099

0.6497265 5.9395657 8.703372

0.6545149 3.8470333 8.82787

1.0998363 2.195034 8.741679

1.842039 0.95004916 8.3011465

1.3775638 -0.8025065 6.4623995

1.3823522 -0.5487211 4.997148

1.1142017 0.18390462 4.714632

0.31932664 0.5621885 3.4409168

0.19003975 -0.9222166 4.250157

-1.4523826 -0.6349124 3.9149687

0.5300164 -3.383456 3.9580643

-3.9806595 -1.6404771 8.665065

-2.2472575 -3.4169748 15.440656

-3.7603931 -0.98925424 19.932178

-2.2376807 -0.5726631 23.059006

-3.937564 -0.1273416 22.83395

-3.3150716 0.65795654 16.158916

-3.391686 0.21263504 11.52853

-3.2049382 -0.06988076 9.03856

-3.7172973 -0.6397008 7.515848

-4.2296567 -0.021996727 7.0561614

-4.210503 1.6300025 8.10961

-4.6414595 2.0609589 8.076091

-4.512172 1.2325649 8.310723

-4.7994766 0.7249942 8.578874

-4.114735 -0.45774144 9.143906

-4.0429087 -1.4776714 9.8478

-3.1857846 -2.7992706 9.0816555

-0.56652796 -6.294805 9.957933

1.712752 -8.459164 11.547684

0.28101942 -8.449587 11.566837

-1.1650784 -8.3969145 10.997017

-1.4619594 -1.2190976 8.502259

-1.4380174 -0.050727148 8.578874

-1.9886838 0.22221185 8.961946

-1.5912462 0.011522096 8.693795

-1.4667478 -0.8312369 9.412056

-1.5050551 -0.6349124 9.464728

-1.4380174 -0.1225532 9.373749

-1.3087305 -0.6875848 9.517401

-1.1459248 0.025887307 9.359384

-1.4523826 -0.38112697 9.69936

-1.3949218 -0.5678747 9.426421

-1.3566146 -0.66843116 9.665841

-1.6534956 -0.44816464 9.866954

-1.552939 -0.36676177 9.775974

-1.6534956 -0.36676177 9.747244

-1.3566146 -1.5494974 10.202143

-1.5481507 0.9069535 8.660276

