-7.452252 -2.2486043 5.8255415

-7.4714055 -2.4688709 5.7920227

-7.3086 -2.6556187 5.6004868

-7.3086 -2.612523 5.6723127

-7.2655044 -2.7370214 5.7537155

-7.2798696 -2.8423662 5.5478144

-7.3516955 -2.7274446 5.5382376

-7.299023 -2.8710968 5.3993735

-7.2559276 -2.579004 5.164742

-7.4235215 -2.6508303 5.0881276

-7.418733 -2.330007 4.7816696

-8.022072 -0.37155017 4.2788873

-8.232761 0.8830115 3.4888008

-8.084321 2.3051674 4.2932525

-9.472959 4.0289927 5.7201967

-12.537537 3.0521584 8.258051

-13.921385 2.6786628 10.159047

-15.472828 3.3250973 10.872519

-16.593313 1.8550574 11.878083

-17.809568 -1.8798972 11.815834

-18.614021 -2.7178679 11.035324

-17.397766 -4.3794436 10.642675

-16.617256 -3.7377977 10.384102

-14.213478 -4.0298905 7.951593

-10.780192 -4.2118497 8.080879

-8.007707 -3.3547256 9.076867

-7.653365 -2.243816 7.467964

-4.5504794 -4.345925 4.920533

-3.2336686 -3.4935892 2.6508303

-2.5010428 -4.5518265 1.3196541

-0.911293 -3.776105 -0.32276833

-0.80115974 -1.7266684 -3.6985927

-1.3661914 -1.3723265 -2.7696424

-2.5297735 -0.927005 -2.8558338

-3.7029321 2.539799 -2.3913586

-3.9902365 5.6091657 0.8503905

-2.2281039 4.8478093 3.9724295

-2.1897967 7.1749735 3.8910267

-1.6104 6.8397856 5.226991

-2.821866 6.025757 7.1519294

-5.005378 4.7903485 9.0816555

-4.4451346 6.46629 7.6499233

-6.724415 4.057723 11.64824

-8.611046 7.4670663 10.795904

-9.372402 4.7089458 13.554025

-10.200795 4.3833346 9.747244

-10.344448 2.3051674 12.653805

-11.98687 2.0130746 11.61951

-11.26861 0.21263504 11.542895

-10.023624 -0.6061819 11.044901

-8.965387 -2.124106 10.12074

-8.759486 -3.0817864 9.110387

-7.5959044 -3.7425861 8.3250885

-6.5999165 -2.3156419 8.961946

-6.85849 -3.1488242 9.014618

-6.2455745 -1.3914801 8.44001

-6.1881137 -0.8360253 8.176648

-6.2216325 -0.66364276 7.716961

-5.800253 0.43769 7.017854

-5.565621 0.67232174 6.989124

-5.7140617 0.61486095 6.1655183

-5.824195 0.7872434 6.7880106

-5.8529253 0.52866966 6.8215294

-5.6996965 0.8016087 6.8358946

-5.4650645 0.9165303 7.2285438

-5.5225253 0.92610717 7.195025

-5.59914 1.2421417 7.8175173

-5.742792 1.00751 7.7839985

-5.800253 0.96441436 7.6595

-5.728427 0.6962638 7.9084973

-5.886444 0.5765537 7.764845

-5.7140617 0.7010522 7.6882305

-5.7619457 0.5574001 7.8079405

-5.8816557 0.4185364 7.611616

-5.594352 0.96920276 7.6164045

