0.71197575 -2.5215433 9.282769

0.30496144 -2.1288943 9.546131

0.49649757 -2.5215433 9.426421

0.5779004 -2.282123 9.297134

0.4103063 -2.2629695 9.373749

0.19003975 -2.2246623 9.6466875

0.21877018 -2.2294507 9.637111

0.52043957 -2.2246623 9.522189

0.5539584 -2.41141 9.287558

0.30974984 -2.243816 9.306711

0.27623102 -2.186355 9.364172

0.11342531 -1.9229928 9.450363

-1.1267712 -0.5008371 9.675418

-3.2480338 1.3714286 9.924415

-6.844125 7.6346602 11.451916

-8.922292 10.713604 10.532542

-8.012495 9.1334305 8.765621

-7.2559276 7.4000287 9.330653

-7.8736315 3.3059437 10.522965

-9.381979 -4.776881 10.824635

-10.483312 -12.744784 11.696124

-6.441899 -12.318617 8.147918

-6.1737485 -13.463045 11.025747

-3.5113962 -6.807164 9.143906

-0.24091655 -1.2669816 7.003489

-2.074875 -1.664419 8.511836

-2.371756 -0.8025065 7.77921

-1.6630723 -1.9325697 8.205379

-0.49949032 0.08334815 9.345018

-0.7484873 -1.0084078 9.364172

-0.9160814 -0.2805705 10.192566

-0.1643021 -0.25662848 9.866954

-1.1794436 -0.6109703 10.192566

-1.1076176 0.2605191 9.72809

-0.7484873 0.24136546 9.148694

-1.2416929 -1.3579613 9.752032

-0.5186439 -0.32845455 9.512612

-0.56652796 -1.2334628 9.948357

-1.2704233 -1.2334628 10.3314295

-0.81552494 -0.75941086 9.6227455

-0.8490438 -0.66364276 9.785551

-0.7628525 -0.79292965 9.325865

-0.5090671 -0.6397008 9.0337715

-0.6287772 -1.0658686 9.708937

-0.7341221 -0.48168346 9.637111

-0.82031333 -0.8503905 9.613169

-1.385345 -1.0371382 10.020183

-0.9304466 -0.5774515 9.814281

-1.3087305 -0.49604866 7.467964

-1.552939 -0.13213001 10.71929

