-0.57131636 -0.7067384 9.3115

-0.9735423 -0.6205472 9.507824

-0.7293337 -0.64927757 9.297134

-0.638354 -0.8312369 8.77041

-0.56173956 -1.2621932 9.043348

-0.5377976 -0.87912095 9.421633

-0.5282208 -0.99404263 9.402479

-0.68623805 -1.4106337 9.972299

-0.9831191 -1.2861352 9.69936

-0.935235 -1.1903671 9.771186

-1.5481507 -1.4776714 10.221296

-1.5146319 -1.2574048 10.106375

-1.658284 -1.4680946 9.910049

-1.6487072 -1.6021699 10.077643

-1.8929157 -1.4010569 10.489447

-2.0126257 -1.8942624 10.9443445

-1.9695302 -1.4537294 12.874071

-1.4906899 -2.507178 14.866047

-1.7348984 -1.6787843 15.8764

-2.41964 -0.5343559 16.451008

-2.1610663 -3.4983776 16.158916

-1.6008232 -3.8718731 15.325734

-0.9639655 -4.1400237 13.391219

-2.1036055 -3.7330093 11.73922

-2.1419127 -0.036361936 3.158401

-1.112406 -0.4385878 -3.277213

1.1237785 -1.0084078 -5.4846673

1.7462709 -3.0243256 -1.8454806

2.25863 0.33713353 6.4959183

2.4980502 -1.0993875 8.382549

3.3886933 -1.6021699 9.005041

4.054281 -2.104952 9.627534

3.3216555 -3.2972646 10.561273

3.3934817 -3.2350154 9.455152

2.7662008 -3.7808933 10.542119

0.8987235 -1.7793407 10.345795

-0.5138555 -1.2382512 9.996241

-3.0277674 1.6060604 9.881319

-2.548927 6.600365 8.67943

-2.29993 5.9587193 9.086444

-0.054168813 5.9970264 8.550143

0.63057286 3.7368999 8.167071

0.7790134 1.3810055 8.454375

1.7031752 1.4815619 7.8989205

0.47734398 -0.18959084 5.8159647

0.5395932 0.4424784 4.288464

0.822109 0.021098902 3.110517

0.47734398 -1.0371382 3.4696472

-0.5090671 0.088136554 3.6420298

-0.27922377 0.8063971 2.363526

-1.5289971 -0.22310968 4.982783

-3.4491467 -2.9189808 8.67943

-2.9607296 0.65316814 16.757467

-6.0348845 0.53824645 20.746206

-3.367744 0.54303485 22.278496

-3.7508163 1.0649709 17.585861

-2.7356746 0.40417117 13.803021

-2.5441387 -0.20395605 10.810269

-3.1762078 -0.950947 8.162283

-3.2623992 0.09771336 8.167071

-3.271976 1.2996026 6.5725327

-3.7077205 0.19348143 9.345018

-4.210503 -0.021996727 8.928427

-3.5257614 0.38501757 9.661053

-4.315848 0.24136546 9.435998

-3.8322191 -0.012419921 10.197354

-3.712509 0.4329016 9.828647

-3.4252048 1.4528315 10.795904

-3.2480338 2.3291094 11.174189

-3.7747583 -1.5111902 10.393679

-1.6965911 -5.9883475 9.062502

-2.0940287 -8.928427 10.417621

-1.2800001 -6.467188 9.785551

-0.4707599 -2.6891375 8.6507

-0.48991352 -1.7984943 9.028983

-0.8681974 -0.5918167 9.263616

-0.57610476 0.1599626 9.349807

-0.9304466 0.25573066 9.277981

-0.935235 0.5765537 9.574862

-1.2273277 0.22700025 9.752032

-0.82031333 1.0889128 9.158271

-0.9591771 0.27967268 8.928427

-0.59047 0.025887307 9.196578

-0.54737437 0.38980597 9.603592

-0.7149685 0.09292495 10.053701

-0.9639655 0.19348143 10.005817

-0.82031333 0.23178865 10.053701

-0.7053917 -0.30451253 9.6227455

-0.8681974 -0.16564883 9.60838

-0.8490438 0.11686697 9.895684

-1.2129624 0.23657705 9.876531

-1.2273277 0.0067336923 9.972299

-1.7588404 -1.9182044 5.844695

-0.7628525 -0.7306804 9.613169

