-4.2535987 -1.1664251 8.722526

-4.162619 -1.2909236 8.746468

-4.1195235 -1.3388077 8.655488

-4.1338887 -1.1951555 8.459164

-4.22008 -1.3819033 8.258051

-4.186561 -1.2334628 8.234109

-4.0860043 -1.2574048 8.114398

-4.3685203 -0.9222166 7.314735

-4.464288 -0.33803135 6.481553

-4.813842 0.39938277 5.6723127

-5.172972 0.8111855 5.7872343

-7.5719624 1.8550574 7.3434653

-8.840889 1.9268835 8.123976

-9.67886 1.6443677 9.163059

-10.33966 1.0984896 10.417621

-11.311706 0.4664204 12.8788595

-11.555914 -0.46252984 13.18053

-11.65647 -1.7889175 14.071173

-11.311706 -3.0626328 14.061596

-10.626964 -5.126435 13.664158

-9.549573 -6.0266547 12.706477

-8.184877 -6.1559415 12.203695

-7.126641 -6.443246 11.150247

-4.2631755 -5.8111763 8.53099

-3.4730887 -5.7776575 7.161506

-2.3286605 -5.0977044 5.222203

-0.26007015 -4.4943657 4.867861

1.1477205 -2.6412535 2.7705402

1.7271173 -2.5167549 2.4640825

1.9473838 -1.070657 1.9565117

2.0239983 0.8016087 2.17199

1.4733319 1.1320084 1.865532

0.9705495 2.9324481 1.8846856

1.9856911 2.0082862 1.6213235

0.4007295 3.7225347 3.3068414

0.60663086 3.3059437 3.823989

-2.7213094 4.5988126 6.9843354

-2.0700867 1.9651906 4.824765

-3.463512 3.1144075 6.9125094

-2.8266544 4.8621745 10.805481

-5.6518126 3.8901289 10.130317

-2.6255414 3.7321115 10.393679

-5.2591634 3.382558 10.910826

-4.8473606 0.23657705 12.955474

-7.6102695 0.21742344 12.342559

-4.3685203 0.088136554 10.293122

-7.2176204 -3.0482676 12.8788595

-5.8672905 -1.889474 11.73922

-6.9255276 -3.2158618 11.825411

-6.322189 -4.154389 11.384878

-5.5512557 -5.102493 10.499023

-4.425981 -5.8255415 10.034548

-4.4164042 -5.3993735 9.780763

-3.688567 -5.174319 9.210943

-4.2392335 -2.7274446 8.406491

-4.636671 -2.5646389 8.17186

-4.923975 -2.1097405 8.2532625

-4.995801 -1.6596307 7.9946885

-5.216068 -1.6309003 8.147918

-5.101146 -1.3579613 8.071302

-5.134665 -1.2190976 7.9132857

-5.1394534 -1.3579613 7.8462477

-5.14903 -1.4297873 7.9468045

-5.196914 -1.6356887 7.9899

-5.0388966 -1.5734395 8.066514

-5.0724154 -1.5542858 8.100033

-5.0149546 -1.8990508 8.013842

-4.9766474 -1.6356887 8.219744

-5.005378 -1.6021699 8.056937

-5.3309894 -1.9086276 9.330653

