-1.8929157 -0.98446584 9.440786

-2.3909097 -1.8032827 9.684995

-2.2520459 -1.72188 9.330653

-2.1850083 -1.5111902 9.19179

-2.242469 -1.6069583 9.187001

-2.1850083 -1.5351322 9.258827

-2.170643 -1.3771149 9.196578

-2.3382373 -1.5255554 9.421633

-2.1371243 -1.4776714 9.158271

-2.2520459 -1.6404771 9.273192

-2.3765445 -2.0379145 9.708937

-2.309507 -1.6452655 9.632322

-2.6877906 -2.1528363 10.431986

-2.740463 -1.7649755 11.049689

-2.5010428 -1.8559552 14.095115

-2.5345619 -2.0714333 14.866047

-3.0277674 -1.2430396 13.735984

-3.6981437 -2.8136358 14.755914

-2.4627357 -3.0626328 13.5636015

-1.6439188 -4.1256585 11.748796

-3.1379006 -3.5462615 9.182213

-1.3326725 -3.977218 6.1559415

-0.7293337 -2.2007203 4.3076177

-0.1882441 0.6962638 2.8184242

1.0327988 0.011522096 2.1193175

1.0280104 0.67232174 4.0155253

1.3009493 1.4815619 5.2317796

1.190816 0.11207857 7.18066

0.9801263 -1.295712 8.449587

1.3775638 0.24615386 9.273192

1.463755 0.49036244 9.493459

0.84605104 -0.48647186 10.1877775

0.8795698 -0.21832126 10.403255

0.822109 -0.012419921 9.852589

0.30496144 -0.41943422 10.192566

0.61141926 0.20784664 9.570073

0.83168584 0.6100725 9.45994

0.6976105 0.3131915 9.838223

0.75028294 0.50951606 9.900473

0.48692077 0.8734347 10.202143

0.59226567 1.3331214 9.775974

0.525228 0.49036244 9.570073

0.71197575 -0.112976395 9.594015

1.0327988 0.39459437 9.100809

0.9226655 0.62443775 9.301923

0.9657611 0.47599724 9.732879

0.9466075 0.48557404 9.613169

0.72155255 0.8782231 9.684995

0.9513959 -0.16564883 9.239674

