-3.142689 -1.4920366 9.435998

-3.0564978 -1.5399206 9.282769

-2.9128456 -1.4010569 8.971522

-2.9990368 -1.5686511 8.938004

-3.214515 -1.5973815 9.086444

-3.2097266 -1.4058453 9.187001

-3.0660746 -1.4920366 9.153482

-3.1379006 -1.3675381 9.263616

-3.1857846 -1.5638627 9.890896

-3.4778771 -1.6596307 10.570849

-3.6454713 -2.1288943 11.155035

-3.367744 -1.7170916 12.021735

-3.736451 -2.387468 12.63944

-2.9463644 -2.066645 12.888436

-2.8266544 -1.889474 13.008146

-2.9559412 -1.8511668 12.107927

-2.333449 -1.9996073 10.350583

-1.8641853 -1.8559552 10.096798

-1.5816694 -2.3252187 9.282769

-1.3374609 -2.2773347 8.392126

-0.7053917 -1.1568483 7.879767

-0.6335656 -1.5590742 6.256498

-0.025438393 -2.2390275 6.0745387

-0.07811083 -0.87912095 5.7776575

-0.12599486 -2.0474913 6.0458083

0.47255555 -1.0754455 6.577321

0.3528455 0.8255507 6.7497034

-0.40372226 -1.2861352 9.110387

-0.10684125 0.1743278 8.847024

-0.39893386 -0.22310968 9.6945715

-0.49470192 -0.44816464 10.173412

-0.12120646 0.32276833 9.96751

0.11342531 2.5254338 9.0098295

0.33848026 0.1743278 9.823858

0.6640917 0.07855974 9.258827

0.3624223 0.38022915 9.435998

0.16130935 0.025887307 9.775974

0.09427169 -0.09861118 10.135105

0.15652093 0.054617725 9.7185135

0.017657237 -0.25662848 9.795128

0.041599255 0.37544075 9.560496

0.23313539 0.4664204 9.5988035

-0.054168813 0.35149872 9.823858

-0.058957215 0.37544075 9.747244

-0.14036007 0.5909189 9.852589

