0.15173253 -0.3859154 9.57965

-0.26007015 -0.060303956 9.771186

-0.21218613 -0.29493573 9.665841

0.08948329 -0.2853589 9.708937

-0.317531 -0.012419921 9.785551

-0.32231942 -0.11776479 9.60838

-0.25049335 -0.19437926 9.641899

-0.5138555 0.07855974 9.72809

-0.68144965 -0.08424597 9.823858

-0.3462614 -0.06988076 9.665841

-0.79158294 0.11207857 9.613169

-0.6192004 0.22700025 9.8478

-0.9687539 0.21742344 9.838223

-0.9256582 0.25094226 9.833435

-0.8825626 0.40417117 9.890896

-1.3518262 0.5957073 9.804705

-1.0501567 0.45205522 9.713725

-0.82031333 0.33713353 9.761609

-0.89213943 0.28924948 9.804705

-0.6192004 0.35628715 9.723302

-0.66229606 0.48557404 9.737667

-0.55216277 0.6914754 9.684995

-0.49470192 0.686687 9.637111

-0.5952584 0.93568397 9.5988035

-1.16029 0.97877955 9.752032

-0.12120646 0.6914754 9.273192

-0.43724108 0.8877999 9.632322

0.099060096 0.61486095 9.402479

-0.5234324 0.1455974 9.775974

0.2475006 0.3179799 9.603592

-0.7532757 0.03546411 10.230873

-0.36062664 0.44726682 9.5988035

0.8268974 0.37065235 9.780763

-1.0501567 -1.1807903 10.431986

-0.07811083 -1.1329063 9.641899

-0.9687539 -3.0147488 10.570849

-1.5960348 -2.98123 10.5086

-0.14993688 -1.6117467 9.507824

-0.7532757 -1.520767 9.661053

-0.0062847794 -0.6971616 9.230097

0.3576339 -0.1225532 9.187001

0.027234044 0.27967268 9.474305

0.42945993 0.21742344 9.301923

0.42945993 0.09771336 9.517401

0.14694414 0.66753334 9.584438

0.5443816 0.6818986 9.421633

0.5443816 0.6052841 9.665841

0.525228 0.67232174 9.704148

0.28580782 0.62443775 9.747244

0.30017304 0.49993923 9.752032

0.42467153 0.4712088 9.756821

0.2427122 0.5957073 9.680206

0.31453824 0.25573066 9.651476

0.4103063 0.8399159 9.823858

0.51086277 0.4281132 8.152706

-0.1643021 -0.6253356 9.57965

