-3.118747 -2.7370214 8.861389

-2.8314428 -2.7418098 8.928427

-2.8122892 -2.780117 8.856601

-2.8984804 -2.8327894 9.086444

-2.8314428 -2.684349 8.636334

-2.9846716 -2.612523 8.990676

-2.9750948 -2.5502737 8.851812

-2.8314428 -2.4497173 8.818294

-2.941576 -2.684349 8.875754

-2.8984804 -2.5837924 8.784775

-2.86975 -2.8567317 8.899696

-2.9990368 -2.7753286 9.373749

-3.118747 -2.5023897 9.838223

-3.497031 -3.4409168 14.526071

-3.927987 -2.6220999 16.14934

-3.7747583 -3.43134 18.323275

-4.354155 -5.71062 20.818033

-5.1298766 -3.1057286 13.23799

-3.5832222 -3.3786676 9.397691

-2.8266544 -2.8088474 6.7975874

-1.1890204 -2.5933692 6.5007067

0.3576339 -1.5016134 2.2533927

0.798167 -1.6261119 1.9277812

0.3911527 -1.3148656 2.042703

0.4007295 -1.9469349 3.2589574

0.45340195 0.3084031 5.902156

1.047164 0.7249942 6.9508166

0.9705495 0.61964935 7.683442

0.48692077 0.64359134 8.401703

0.3863643 0.38980597 9.555708

0.3863643 1.1703157 9.507824

0.6832453 0.7058406 9.7424555

0.30017304 0.5717653 10.312276

0.48692077 0.51909286 9.890896

0.46297875 0.5861305 9.661053

0.5348048 0.6052841 9.632322

0.5348048 0.5765537 9.57965

0.5779004 0.74893624 9.675418

0.6497265 0.74414784 9.570073

0.42467153 0.54303485 9.48867

0.5587468 0.40895957 9.876531

0.51565117 0.50472766 9.684995

0.48213238 0.6004957 9.780763

0.3672107 0.8063971 9.72809

0.60663086 0.97399116 9.110387

-0.43724108 1.0841244 9.977087

