-3.8465843 -1.5303438 9.024195

-3.8513727 -1.4776714 9.086444

-3.865738 -1.2095208 8.94758

-3.568857 -1.3819033 8.712949

-3.7651815 -1.3148656 8.660276

-3.8370075 -1.5399206 8.779986

-3.8322191 -1.4824598 8.684218

-3.9231987 -1.4680946 8.760833

-3.793912 -1.6309003 8.736891

-3.9231987 -1.6309003 8.698584

-3.8130655 -1.3771149 8.478317

-3.7508163 -1.5303438 8.698584

-3.88968 -1.448941 8.463952

-3.6837785 -1.7841291 8.262839

-3.5401266 -2.2725463 8.090456

-3.2049382 -2.6460419 7.8558245

-2.3669677 -3.967641 8.315512

-2.3813329 -4.00116 9.335442

-2.9272108 -4.5183077 10.609157

-3.367744 -5.246145 12.730419

-5.670966 -4.0921397 15.919496

-7.222409 -2.483236 17.121386

-6.470629 -1.7793407 18.313698

-9.128193 -3.0913632 18.24187

-7.988553 -1.5590742 15.579519

-9.516054 -3.1967082 14.061596

-8.3668375 -0.050727148 11.049689

-8.02686 0.983568 8.641123

-7.4378867 2.14715 3.9101803

-6.1258645 3.0377932 1.5064018

-6.054038 2.1136312 0.5487211

-4.7515926 0.7872434 -1.2900258

-2.8122892 -0.3859154 -2.822315

-3.046921 -0.49604866 -3.358616

-2.7644053 -1.2526164 -3.535787

-2.4818892 -4.3985972 -3.3634045

-2.6973674 -9.72809 0.017208325

-2.3765445 -15.857246 4.096928

-5.6757545 -19.59699 7.621193

-1.4236522 -18.93619 10.226085

-5.110723 -18.849998 13.750349

-5.9247513 -18.811691 14.444668

-8.606257 -15.124621 18.141315

-11.311706 -14.391995 17.25546

-14.012364 -0.7067384 16.546778

-15.458463 -0.6397008 10.853365

-12.604574 5.8533745 13.324182

-8.524855 6.2843304 7.084892

-5.1538186 -0.8408137 3.7856817

-3.616741 -0.8551789 4.106505

-2.5058312 -2.2773347 5.6340055

-2.0078373 -2.0043957 7.2764277

-2.194585 -2.3778913 8.909273

-2.4771008 -3.4265516 10.010606

-2.6734254 -3.5606267 10.106375

-2.4771008 -3.3882444 9.546131

-2.4244285 -3.0243256 8.703372

-2.3286605 -3.0339024 8.554932

-2.4723125 -2.86152 8.44001

-2.395698 -3.053056 8.516624

-2.5345619 -2.660407 8.621969

-2.6638486 -2.7609634 9.0337715

-3.2240918 -1.9708769 12.328194

-2.7260978 -2.6891375 8.94758

