-3.2623992 -2.5119665 9.043348

-3.3294368 -2.5119665 8.803928

-3.2623992 -2.420987 8.693795

-3.3773208 -2.387468 9.06729

-3.3581672 -2.4784477 8.933215

-3.3390136 -2.4161985 8.990676

-3.5018194 -2.53112 9.34023

-3.544915 -2.7944822 9.866954

-3.726874 -2.53112 10.896461

-3.841796 -2.8902504 13.71683

-3.6981437 -2.0043957 13.965827

-3.3294368 -2.6891375 13.707253

-4.780323 -3.814412 13.961039

-3.3581672 -2.957288 12.663382

-3.3390136 -1.8224365 12.361712

-2.0892403 -2.3778913 10.997017

-1.136348 -2.6556187 9.981875

-1.5864578 -1.72188 9.919626

-0.9160814 -1.9804537 9.072079

-0.4563947 -2.7609634 8.602816

-1.0884639 -0.7163152 7.635558

-0.39414546 -2.4928129 6.443246

0.30974984 -1.5351322 4.4464817

0.63057286 -1.2143092 3.5223196

0.9753379 -0.8551789 3.776105

1.3536218 -0.86954415 5.6723127

1.0375872 0.3036147 6.1798835

1.6217724 0.5574001 7.587674

1.6361376 0.7776666 8.114398

1.3440449 0.4424784 9.397691

1.095048 1.7209821 9.464728

1.0184336 2.740912 9.24925

1.1860276 2.1375732 9.627534

1.1477205 2.5014918 9.531766

0.9992799 2.6164136 9.483882

1.5930419 2.467973 9.440786

1.1189901 2.4583962 9.321076

1.5499463 2.2477064 9.6466875

0.9849147 2.5302222 9.206155

1.2051812 2.5685296 9.048137

1.4446014 2.764854 9.148694

1.5068507 1.8981531 9.06729

1.5451579 2.645144 9.062502

1.7271173 2.3338978 9.201366

1.4254478 1.6778865 9.814281

0.9609727 2.71697 9.8478

