3.8914757 4.2205286 7.9563813

3.503615 4.565294 7.693019

3.3934817 5.398476 8.191013

3.589806 4.843021 7.7935753

3.3791165 5.0249805 7.9563813

3.2977135 4.9627314 7.874978

3.5323453 4.900482 7.7744217

3.340809 5.0632877 7.7504797

3.8914757 4.594024 7.716961

3.7382467 4.78556 7.6499233

3.4126353 4.723311 8.013842

3.6664207 4.507833 7.5924625

3.5323453 4.3785458 7.6307697

3.7478235 3.9906852 7.2860045

3.7334583 3.8853405 7.013066

4.049493 3.0330045 7.027431

4.015974 2.2764368 6.366631

3.5227685 0.5861305 5.8159647

3.7957075 -1.448941 5.5478144

3.0870237 -1.1185411 5.250933

3.5562873 -0.3859154 5.188684

3.1205425 -0.036361936 6.481553

2.1532853 0.95483756 6.840683

0.5395932 1.4001591 9.0577135

-0.7341221 2.7504888 11.777527

-1.2321161 3.9380128 11.930756

-3.8609495 7.778312 15.881188

-3.927987 8.386439 14.82774

-2.8027124 7.797466 13.803021

-2.0126257 6.6147304 11.715278

-1.7923592 2.846257 8.234109

-1.9695302 3.143138 6.7497034

-1.9216461 2.822315 5.7201967

-2.7548282 2.7265468 4.3315597

-3.9231987 2.218976 2.353949

-3.88968 2.8031614 1.1855787

-5.7380037 2.1663036 1.5255554

-6.250363 1.6826749 3.5414732

-12.451345 -0.5966051 11.313052

-13.059472 -3.4121864 15.268273

-12.159252 -3.4265516 16.139763

-11.924621 -6.855048 17.5284

-6.8297596 -3.9389107 14.435091

-6.7579336 -1.9996073 10.776751

-6.9877768 -1.5782279 8.703372

-6.714838 -1.0945991 7.587674

-6.748357 0.040252518 6.222979

-7.002142 0.17911622 6.658724

-7.18889 -0.24705169 6.8454714

-6.753145 0.5574001 6.5438023

-6.8776436 -0.5008371 6.9843354

-6.7914524 0.0019452889 6.75928

-6.8537016 0.18390462 6.6539354

-6.7914524 0.13123219 6.658724

-6.786664 -0.30451253 6.9268746

-6.681319 -0.18959084 6.979547

-6.810606 -0.09861118 6.735338

-6.724415 -0.45774144 6.955605

-6.6861076 0.03067571 6.807164

-6.896797 -0.18001404 6.888567

-6.7196264 -0.18480244 6.9747586

-6.8632784 -0.5870283 7.041796

-6.824971 -0.17522563 6.7640686

-6.801029 -0.8312369 6.673089

-6.5089364 1.1703157 6.658724

