-0.3510498 -6.270863 7.3243117

-0.25528175 -5.9069443 7.7361145

-0.37499183 -5.9500403 7.6307697

-0.41808748 -6.064962 7.9132857

-0.44202948 -6.357054 7.7744217

-0.57610476 -6.151153 7.8654013

-0.3462614 -5.8255415 7.338677

-0.69581485 -6.2995934 7.563732

-0.81552494 -5.868637 7.515848

-0.81552494 -5.495142 7.501483

-1.5720927 -5.638794 8.143129

-2.0269911 -4.982783 8.526201

-2.1993735 -4.6140757 8.3250885

-2.716521 -4.9636292 8.674642

-3.4012628 -4.2549453 8.665065

-2.4052749 -4.724209 8.234109

-2.7835588 -6.064962 8.157495

-2.3861213 -4.618864 7.645135

-1.9886838 -5.892579 7.39135

-2.5297735 -6.2373443 7.683442

-1.9264345 -6.222979 7.2764277

-1.6630723 -6.3953614 7.290793

-1.6104 -5.7393503 7.453599

-1.3326725 -5.2317796 7.108834

-1.2464813 -5.3850083 7.2764277

-0.38456866 -5.6579475 7.39135

-0.76764095 -5.4137387 7.491906

-2.6159647 -6.3714194 7.645135

-2.1993735 -8.315512 8.990676

0.4055179 -6.270863 7.242909

-1.5720927 -6.9508166 8.526201

-2.1419127 -5.969194 8.258051

-0.09247604 -5.71062 6.8837786

-1.8498201 -6.1703067 7.5541553

-1.361403 -5.8015995 7.501483

-1.2560581 -5.5238724 7.6403465

-1.1076176 -6.1224227 7.707384

-1.184232 -5.7776575 7.860613

-1.1315596 -5.284452 7.7265377

-0.9496002 -5.456835 7.6738653

-1.0788871 -5.605275 8.41128

-1.3757682 -5.4281044 8.042572

-0.99269587 -5.404162 7.9803233

-1.0118495 -5.246145 8.114398

-1.2560581 -5.2892404 8.238897

-0.9496002 -5.155165 8.463952

-1.2608465 -5.155165 8.305935

-1.0788871 -5.346701 8.210167

-1.0357915 -5.059397 8.013842

-0.8346786 -5.3275476 7.338677

-1.6726491 -5.543026 8.234109

-1.9695302 -4.3794436 8.550143

