1.3057377 4.30672 8.712949

1.5355811 4.866963 8.382549

1.68881 4.866963 8.502259

1.4924855 4.54614 8.133553

1.6026188 4.603601 7.8175173

1.6026188 4.249259 7.9899

1.5499463 4.3785458 7.8175173

1.6313492 4.4407954 7.5062714

1.463755 3.7416883 6.3857846

1.463755 3.7416883 5.504719

1.3009493 2.8558338 4.9253216

1.3009493 2.8558338 4.3890204

0.7933786 2.099266 4.57098

0.72634095 0.7968203 4.872649

-0.068534024 0.734571 4.57098

0.16130935 1.8550574 5.7154083

-2.6877906 0.95004916 11.059266

-2.6877906 0.95004916 10.661829

-1.6199768 1.5485996 12.893225

-2.668637 0.97877955 14.166941

-2.8075008 -0.17043723 15.445444

-2.6638486 0.35628715 16.541988

-2.6015995 0.33713353 15.196447

-2.4627357 0.51430446 12.845341

-2.1514895 0.11686697 12.002582

-2.6542718 0.39459437 11.202919

-3.0134022 -0.77377605 11.0161705

-3.0134022 -0.77377605 10.106375

-2.6015995 -0.5918167 9.407268

-2.2568343 -0.44816464 8.832659

-2.4052749 -0.678008 9.201366

-2.5872343 -0.9365818 9.100809

-2.6159647 -0.3859154 8.82787

-2.7308862 -1.3771149 9.005041

-2.467524 -1.664419 9.450363

-2.333449 -0.99404263 9.627534

-2.4818892 -0.974889 9.512612

-2.5345619 -1.1185411 9.6466875

-2.4723125 -1.0562918 9.512612

-2.596811 -0.99883103 9.378537

-2.4818892 -0.99404263 9.254039

-2.3669677 -0.89348614 9.143906

-2.3861213 -0.950947 9.258827

-2.2951417 -1.1760019 9.723302

-2.3142953 -1.0754455 9.704148

-2.3526025 -1.1137527 9.48867

-2.2328923 -0.950947 9.110387

-2.122759 -1.0658686 9.177424

-2.0940287 -1.0275614 8.985888

-2.0126257 -1.1424831 9.201366

-2.0892403 -1.1760019 9.163059

-1.9120693 -0.90306294 9.062502

-1.979107 -0.950947 9.048137

-1.9216461 -0.9461586 9.268404

-1.9838954 -0.9653122 9.412056

-2.146701 -1.0802339 9.440786

-1.8977041 -0.78814125 9.143906

