-4.0907927 -2.4928129 8.53099

-4.071639 -2.6556187 8.516624

-4.1003695 -2.7513866 8.497471

-4.0429087 -2.5359085 8.3729725

-4.1578307 -2.660407 8.219744

-4.071639 -2.636465 8.286781

-4.0907927 -2.7178679 8.176648

-4.1578307 -2.5837924 8.238897

-4.2057147 -2.6316767 8.296358

-4.0764275 -2.6220999 7.951593

-4.00939 -2.708291 8.013842

-4.1099467 -2.8423662 8.10961

-3.7220857 -3.4121864 8.229321

-3.5305498 -4.264522 8.334665

-3.3294368 -5.504719 8.353819

-3.2671876 -6.40015 8.521413

-3.746028 -7.396138 12.232426

-4.890456 -5.3275476 12.423962

-5.910386 -6.16073 14.248343

-6.441899 -4.3267713 14.147787

-7.9837646 -5.102493 14.3489

-7.5959044 -4.57098 12.778303

-7.346907 -3.2445922 11.744008

-7.0117188 -4.3650784 10.9443445

-5.800253 -1.9421465 8.823082

-5.862502 -2.363526 7.903709

-5.1394534 -1.8751088 7.084892

-4.114735 -0.76419926 6.079327

-2.0652983 1.2181997 4.226215

-1.7205333 1.6539445 3.6611834

-1.1267712 1.055394 3.0817864

0.15652093 0.7728782 2.8998272

0.75507134 0.5669769 2.4497173

1.391929 -0.47210664 2.2725463

1.0615292 -1.8032827 1.9038392

2.4501662 -1.3196541 1.9182044

2.1006126 -4.7673044 1.5830163

2.9864674 -6.184672 2.7753286

1.0375872 -6.5102835 3.4840124

0.5395932 -9.809493 6.4959183

0.012868834 -10.977863 8.281993

-1.2560581 -12.184542 8.286781

-2.0509331 -12.098351 10.2117195

-4.363732 -10.216508 12.6969

-4.7515926 -10.872519 13.123069

-6.3748612 -10.369737 13.735984

-6.9877768 -7.7696333 13.951462

-8.098686 -6.007501 11.964274

-8.309377 -3.7808933 10.542119

-7.8257475 -2.2246623 8.229321

-7.3086 -2.6747723 8.3729725

-6.432322 -0.7067384 6.955605

-5.59914 -0.5104139 6.706608

-5.5225253 -1.0754455 7.6164045

-4.933552 -1.2382512 7.4105034

-3.9184103 -2.9955952 7.9851117

-3.664625 -3.383456 8.023418

-3.6598365 -3.656395 8.3250885

-3.746028 -3.6899137 8.3969145

-4.071639 -3.3068414 7.9324393

-3.880103 -3.3930328 8.133553

-3.9184103 -3.632453 8.080879

-3.7987003 -3.3307834 7.9468045

-3.841796 -3.3307834 8.234109

-6.5233016 -1.7937059 16.532412

-3.3725324 -2.9764416 8.521413

