0.4007295 -0.012419921 9.359384

0.20919338 0.0067336923 9.785551

0.37199908 -0.026785132 9.684995

0.15173253 -0.017208325 9.799916

0.14215572 0.25094226 9.785551

-0.11162966 -0.08903438 9.771186

0.16130935 0.121655375 9.680206

0.18525136 0.1743278 9.536554

0.041599255 -0.08424597 9.775974

0.21877018 -0.17522563 9.886107

0.055964466 -0.2805705 9.804705

0.3528455 -0.74504566 9.6466875

-0.054168813 -1.1951555 10.082432

0.13736732 -1.0802339 9.7424555

1.0615292 -1.448941 9.426421

0.74549454 -2.0618565 9.613169

1.2770073 -2.1911435 9.775974

1.2434886 -1.4345757 9.594015

1.3440449 -2.5885808 9.426421

1.4829087 -3.1009402 9.546131

0.8843582 -2.0283377 9.306711

0.85083944 -3.0578444 9.531766

0.60184246 -1.6787843 9.450363

0.7838018 -1.8559552 9.36896

0.27623102 -1.865532 9.890896

0.31453824 -2.243816 9.440786

0.07990648 -1.9996073 9.479094

0.16609775 -1.4345757 9.60838

-1.0693103 -1.4154221 9.301923

-0.90171623 -1.1233295 9.421633

-1.7971476 -1.4393641 9.96751

-1.5673043 0.461632 9.196578

-2.5345619 -1.2382512 10.015394

-2.6063879 -0.5678747 9.857377

-1.4475942 0.3036147 9.072079

-2.333449 -1.0275614 10.355371

-1.8450317 0.37065235 9.402479

-2.333449 -0.17522563 10.001029

-2.1514895 -0.5439327 9.986664

-1.4284406 -0.5726631 9.809493

-1.4619594 -0.7115268 10.221296

-1.2177508 -0.7163152 9.910049

-1.1938088 -0.3954922 9.799916

-1.1076176 -0.8264485 9.852589

-0.89213943 -0.8072949 9.7185135

-0.79158294 -1.1137527 9.814281

-0.911293 -0.49126026 9.675418

-0.317531 -0.76898766 9.483882

-0.24570495 -0.7977181 9.354595

-0.23133974 -0.78335285 9.43121

-0.22176293 -0.86954415 9.708937

-0.3031658 -0.87433255 9.723302

-0.102052845 -0.8216601 9.6227455

-0.39893386 -1.1041759 9.651476

-0.4468179 -1.0993875 9.890896

-0.3079542 -0.75941086 9.474305

-0.4468179 -0.78814125 9.570073

0.2570774 -0.036361936 7.3434653

-0.48512512 -1.0131962 10.566061

