-4.0907927 -1.8559552 8.641123

-4.1913495 -1.9565117 8.626758

-4.138677 -1.7601871 8.497471

-4.0764275 -1.7984943 8.454375

-4.22008 -1.664419 8.564508

-4.186561 -1.6931496 8.507048

-4.148254 -1.6356887 8.526201

-4.1769843 -1.7410336 8.483106

-4.172196 -1.6213235 8.243686

-4.071639 -1.5973815 8.181437

-4.196138 -1.6787843 7.812729

-4.3206363 -1.5925931 7.803152

-4.2535987 -1.5542858 7.5110598

-4.507384 -1.0945991 7.195025

-5.398027 -0.9222166 6.7161846

-5.8768673 -0.7354688 6.778434

-6.3269773 -0.23747487 6.735338

-7.1697364 -0.079457566 7.9084973

-8.2950115 -0.31408933 9.426421

-9.381979 -1.1041759 10.393679

-9.324518 -1.448941 10.580426

-9.271846 -2.2055087 12.586767

-8.668507 -3.55105 12.778303

-8.113051 -3.9436991 13.429526

-8.041225 -4.728997 13.443892

-5.9630585 -6.2517095 12.141446

-5.292682 -5.8734255 11.720066

-4.7037086 -6.2852283 11.231649

-3.9088335 -5.557391 9.957933

-1.8354548 -4.4704237 8.516624

-0.9639655 -4.3985972 7.1279874

-0.09247604 -3.407398 6.601263

0.4007295 -2.7178679 5.969194

2.1437082 -2.042703 4.906168

2.6656444 -0.21353287 3.88145

2.8476036 0.3179799 3.5797803

3.005621 0.4185364 2.9764416

1.4110826 1.2038345 2.6412535

0.07511808 2.4057238 2.4736593

0.3959411 2.6020484 2.397045

0.5395932 2.6642976 3.574992

-0.82510173 3.6363435 4.3171945

-1.1985972 2.7073932 5.4759884

-2.0796635 1.6922517 5.734562

-3.094805 0.7058406 7.415292

-3.3533788 1.2756606 7.3865614

-5.3070474 0.7249942 8.712949

-4.0381203 3.2676363 9.60838

-5.7571573 2.8893526 10.082432

-7.002142 -0.08424597 12.471846

-10.4881 -0.99404263 13.075185

-9.726744 -1.2286744 11.485435

-8.548797 -1.5830163 13.305028

-8.845677 -2.1672015 12.261156

-7.4474635 -3.4409168 11.576414

-7.0643916 -4.393809 11.940332

-6.6573772 -5.6100636 10.929979

-4.7611694 -4.6954784 9.06729

-4.6031523 -5.150377 9.522189

-4.81863 -4.9779944 8.712949

-4.986224 -3.6468182 8.052149

-4.9287634 -2.86152 7.3434653

-4.885668 -1.9948189 7.0561614

-4.9431286 -1.865532 6.831106

-4.986224 -0.8312369 7.099257

-5.110723 -1.1520599 7.2476974

-5.3836617 -1.544709 7.587674

-5.3788733 -1.544709 7.9372277

-5.158607 -1.4872482 7.927651

-5.067627 -1.3005004 7.9468045

-5.2017026 -1.5159786 7.9611697

-5.1059346 -1.4345757 8.085668

-5.2017026 -1.7170916 8.143129

-5.2112794 -1.5686511 7.965958

-5.3549314 -1.9900305 7.7361145

