3.2689831 4.263624 7.5110598

3.565864 4.2301054 8.071302

3.4270005 4.5030446 8.17186

3.743035 4.321085 7.9228625

3.589806 4.474314 8.104821

3.503615 4.498256 8.123976

3.4126353 4.1103954 8.100033

3.302502 4.263624 8.028207

3.4988265 4.1965866 8.061726

3.4844613 4.330662 8.20059

3.7238815 4.3929114 7.9611697

3.1396964 4.30672 8.219744

3.8100727 3.7416883 8.128764

3.230676 3.2724247 8.219744

3.8579566 3.416077 7.6499233

3.719093 2.764854 7.467964

3.5227685 1.8885763 7.314735

4.183568 0.95483756 6.1798835

4.571429 0.021098902 6.017078

4.197933 -0.45295304 6.9029326

3.8818989 -0.29972413 6.357054

2.3974938 -0.74983406 6.754492

1.68881 -0.41464582 6.404938

1.913865 1.2134113 7.731326

0.76464814 2.4153006 7.1662946

-0.69102645 3.8374565 8.53099

-1.7827824 3.3250973 9.06729

-3.0373442 3.5309987 11.174189

-2.8505964 5.044134 11.657817

-4.5504794 6.4231944 13.247567

-4.4211926 6.868516 13.309816

-4.2631755 7.265953 12.136658

-3.9231987 5.767183 11.442339

-3.6311061 4.033781 9.06729

-3.726874 3.6842275 8.056937

-3.9423523 2.9085062 6.711396

-4.962282 2.6307788 6.2134023

-5.704485 2.7887962 3.88145

-5.2831054 2.0561705 3.9101803

-5.9295397 2.3578398 4.3315597

-6.2312093 1.9364603 4.417751

-7.6581535 -0.66364276 7.693019

-7.591116 -1.0754455 9.254039

-8.017283 -4.226215 11.983428

-7.370849 -3.5654151 12.912378

-6.9829884 -4.369867 13.841329

-6.5568204 -3.1919198 12.596344

-6.7435684 -2.3252187 10.786327

-6.963835 -2.090587 9.780763

-6.85849 -1.4441526 8.296358

-6.930316 -0.77856445 7.6403465

-6.595128 -0.2901473 6.9843354

-6.513725 -0.23268647 6.7497034

-6.628647 -0.25662848 7.041796

-6.5616093 -0.079457566 6.75928

-6.604705 -0.050727148 7.161506

-6.7100496 -0.42422262 6.946028

-6.777087 0.18390462 6.831106

-6.777087 0.025887307 6.989124

-6.801029 -0.16086042 6.9603934

-6.777087 0.12644377 6.5916862

-6.73878 -0.32366616 6.6204166

-6.6478004 -0.5966051 6.6778774

-6.7435684 0.08334815 6.754492

-6.73878 0.1551742 6.783222

-6.8776436 -0.33803135 6.907721

-6.8058176 -0.24705169 6.6443586

-6.810606 -0.25662848 6.673089

-5.192126 -2.1815667 4.891803

