4.427777 9.023297 -0.21742344

4.370316 9.095123 -0.16475101

4.5666404 8.688109 -0.06898294

4.4182 8.702475 -0.05940613

4.466084 8.630649 -0.04504092

4.427777 8.467842 0.07466917

4.4229884 8.606707 0.1273416

4.308067 8.549245 -0.021098902

4.183568 8.616283 -0.0019452889

3.565864 7.4910083 0.20395605

2.2969372 6.150255 0.43379942

0.822109 4.474314 0.6205472

-0.116418056 1.103278 1.5016134

-1.4906899 -0.91263974 -0.62922615

-1.2129624 -1.5638627 -1.1415854

-0.9735423 -2.5263317 3.6276646

-1.8450317 -0.045938745 0.5343559

6.242582 -2.7992706 -5.7145104

-2.6255414 20.486734 1.7410336

-12.274175 39.922863 -12.58587

1.4876971 49.188423 -6.8493624

2.9625254 20.845865 -3.3250973

0.49649757 10.349685 0.5008371

-2.2520459 7.596353 1.2765584

-2.3813329 6.3082724 2.330007

-1.2704233 7.356933 -0.3131915

-0.7341221 8.913164 -0.08334815

-0.59047 7.787889 0.11776479

-0.59047 9.171738 -0.07855974

0.11342531 9.277082 0.021996727

-0.068534024 9.396792 0.017208325

-0.07811083 9.593118 0.32366616

-0.001496376 9.818172 0.15607202

-0.25049335 10.0959 0.35718498

-0.4563947 10.220398 0.67321956

-0.5952584 10.019285 0.46252984

-0.37978023 10.191668 0.405069

-0.3510498 9.818172 0.5152023

-0.36541504 9.688886 0.3859154

-0.37499183 9.569176 0.2901473

-0.5330092 9.49256 0.5391443

-0.49949032 9.61706 0.5774515

-0.32231942 10.014497 0.24226329

-0.6096236 9.655367 -0.13123219

-0.64793086 9.952248 0.2805705

