-0.102052845 -0.33324295 9.7185135

-0.35583824 -0.112976395 9.675418

-0.19782092 -0.0028431145 9.55092

-0.25528175 -0.15607202 9.498247

-0.42766428 0.1503858 9.69936

-0.25528175 -0.18480244 9.627534

-0.4563947 -0.21353287 9.6945715

-0.41808748 -0.5056255 9.876531

-0.14036007 -0.45295304 9.962722

-0.07332243 -0.6253356 9.72809

-0.27922377 -0.9653122 9.785551

-0.0398036 -1.2765584 9.977087

0.33848026 -1.9660885 9.981875

0.8077438 -2.387468 9.627534

1.2099696 -2.8375778 9.656264

1.2770073 -2.828001 9.364172

1.4972739 -3.134459 9.483882

1.1094133 -3.5366848 9.823858

0.7790134 -3.7330093 9.752032

0.73112935 -4.393809 9.72809

0.3863643 -4.0538325 9.560496

-0.67187285 -3.6755486 9.5988035

-1.4811131 -3.479224 9.981875

-2.8410196 -2.7035027 10.125528

-3.2767644 -1.5494974 10.350583

-4.435558 0.8686463 10.173412

-4.22008 1.4576199 9.613169

-3.6981437 2.870199 9.321076

-3.3868976 1.505504 9.823858

-1.7875708 0.96920276 9.536554

-0.89692783 0.2605191 9.852589

-0.68144965 -0.045938745 9.5988035

-0.20739773 -0.29972413 9.838223

0.48213238 -0.9701006 9.55092

0.18046296 -0.75941086 9.6945715

0.13257892 -0.8408137 9.584438

0.2475006 -0.6253356 9.93878

0.2570774 -0.7067384 9.594015

0.501286 -0.6923732 9.732879

0.31932664 -0.78814125 9.584438

-0.0398036 -0.5008371 9.589227

0.37199908 -0.49604866 9.852589

-0.0398036 -0.8360253 9.536554

0.3959411 -0.3907038 9.910049

-0.77721775 -0.9701006 8.612392

-0.25049335 -0.5008371 9.603592

