-4.8952446 -3.1775546 7.6307697

-4.694132 -2.7657518 7.803152

-4.7994766 -2.7274446 7.6403465

-4.93834 -2.7992706 8.01863

-5.0388966 -3.0195372 7.9228625

-4.8234186 -2.6460419 7.5924625

-5.263952 -3.1296706 8.138341

-5.0388966 -2.7465982 7.7744217

-4.971859 -3.158401 7.9899

-4.93834 -3.0817864 8.104821

-5.0532618 -3.1775546 8.473529

-5.1633954 -2.8136358 8.894908

-5.168184 -2.6651955 9.795128

-5.38845 -2.780117 11.298687

-5.6278706 -2.0953753 14.822951

-5.1538186 -3.2876878 16.38876

-7.3133883 -4.949264 19.673605

-7.236774 -1.5686511 16.302568

-6.394015 -5.629217 14.301016

-5.019743 -4.5853453 11.825411

-3.5544918 -4.0634093 9.522189

-3.5305498 -4.096928 7.4344454

-1.7061679 -0.8360253 -0.51909286

-0.02064999 -0.5343559 -2.6020484

1.5595231 -0.8456021 -1.3187562

1.3344681 -0.87433255 2.0379145

1.9282302 0.09292495 4.8151884

2.4070706 -0.031573534 6.352266

2.5219922 1.9077299 6.5677443

2.411859 1.12722 7.5062714

2.3927054 1.5438112 9.273192

2.1197662 1.3379098 9.464728

2.1580737 0.7249942 9.838223

2.1580737 1.4288895 9.407268

1.7941549 0.92131877 10.082432

2.3017256 2.0082862 9.115175

3.0678701 1.5342344 8.842236

2.1484969 0.8111855 9.574862

2.4262242 1.8167502 9.201366

2.435801 1.5677532 9.464728

2.3639748 2.3099558 8.971522

2.4549546 1.802385 9.210943

2.3831284 2.123208 9.287558

2.4453778 2.3674166 9.072079

2.4501662 2.0849009 9.225308

2.3352444 1.7928082 8.808717

2.981679 2.0082862 8.77041

2.1389198 1.826327 9.565285

1.0375872 2.300379 10.412832

