-0.11162966 0.19826983 9.771186

0.37199908 -0.17043723 9.7424555

0.065541275 -0.22310968 9.828647

0.16609775 -0.17043723 9.6227455

0.2427122 -0.065092355 9.752032

-0.054168813 -0.017208325 9.641899

0.22834699 0.03546411 9.483882

-0.068534024 -0.20874447 9.790339

0.16130935 -0.2662053 9.761609

0.22355859 -0.2614169 9.6945715

0.16609775 -0.34281975 9.838223

-0.058957215 -0.38112697 9.804705

0.14215572 -0.5152023 9.637111

0.13736732 -0.5008371 9.6466875

0.51565117 -1.070657 9.708937

1.0184336 -1.6452655 9.977087

1.5499463 -1.5782279 9.732879

1.6983868 -2.4257753 9.814281

2.0479403 -3.1775546 9.474305

1.8851346 -3.1200938 9.483882

1.68881 -3.455282 9.5988035

1.4446014 -3.4983776 9.570073

0.6928221 -3.455282 9.7424555

0.11342531 -3.2637458 9.857377

-0.07332243 -3.1488242 10.178201

-1.8641853 -1.0658686 10.47987

-2.0892403 -0.5678747 10.226085

-1.9216461 -0.6349124 9.675418

-2.5106196 0.18869302 9.373749

-4.378097 1.2277765 9.325865

-5.1777606 0.66753334 9.919626

-4.8713026 1.1511621 9.230097

-3.9184103 1.2660838 8.866178

-2.2520459 0.9069535 9.464728

-1.6056116 0.96920276 9.752032

-0.9160814 0.50951606 9.857377

-1.1794436 -0.22310968 10.221296

-0.54258597 -0.64927757 9.665841

-0.4707599 -0.1273416 9.474305

0.017657237 -0.13213001 9.512612

-0.25049335 -0.5966051 9.756821

-0.43724108 -0.49604866 9.684995

-0.07332243 -0.5774515 9.675418

-0.41329905 -0.33803135 9.785551

-0.44202948 -0.079457566 9.905261

-0.082899235 -0.050727148 7.396138

-0.1834557 -0.725892 9.785551

0.012868834 -0.6061819 9.752032

-0.49470192 0.27009588 9.857377

-0.13557167 -0.25184008 9.876531

-0.37020344 -0.48168346 9.895684

-0.06374562 -0.031573534 9.680206

-0.54737437 -0.42422262 9.81907

-0.06374562 -0.41943422 9.771186

-0.09247604 -0.43379942 9.589227

-0.116418056 -0.18480244 9.684995

-0.11162966 0.11686697 9.627534

-0.1738789 -0.31408933 9.804705

0.07511808 0.07855974 9.493459

-0.1643021 -0.18959084 9.780763

-0.41329905 -0.32366616 8.607604

0.15173253 0.49036244 9.172636

