0.34805706 -0.41464582 9.732879

0.00808043 -0.4433762 9.823858

0.22355859 -0.25184008 9.665841

-0.14036007 -0.16086042 9.737667

-0.02064999 -0.14649522 9.665841

-0.10684125 -0.08903438 9.55092

-0.102052845 -0.1273416 9.536554

0.012868834 -0.1225532 9.780763

-0.35583824 -0.026785132 9.708937

-0.12599486 -0.017208325 9.886107

-0.293589 -0.017208325 9.790339

-0.37499183 -0.026785132 9.584438

-0.1690905 -0.112976395 9.661053

-0.23612814 -0.012419921 9.536554

-0.67187285 0.09771336 9.747244

-0.64793086 0.24136546 9.6706295

-0.77721775 0.27488428 9.57965

-0.911293 0.35149872 9.574862

-1.136348 0.21742344 9.6945715

-1.1794436 0.23657705 9.752032

-0.89692783 0.27009588 9.771186

-1.0645219 0.33713353 9.809493

-1.0501567 0.1743278 9.641899

-1.1219828 0.34192193 9.713725

-1.2991537 0.27488428 9.474305

-1.3087305 0.21742344 9.493459

-1.1938088 -0.060303956 9.450363

-1.4284406 0.0163105 9.507824

-1.3374609 -0.021996727 9.737667

-1.0693103 0.06898294 9.814281

-1.0836755 -0.2662053 10.010606

-0.49949032 -0.08903438 9.771186

-0.054168813 -0.405069 9.684995

-0.69102645 -1.6404771 10.575638

0.027234044 0.040252518 9.349807

-0.04938041 -1.7314568 10.144682

-1.6726491 -3.1967082 11.020959

-1.2847885 -2.1815667 9.905261

-0.65750766 -2.5215433 10.317064

-1.6104 -2.3826797 10.810269

-0.1643021 -0.927005 9.325865

0.1086369 -0.5056255 9.201366

-0.21218613 0.2940379 9.426421

0.18046296 -0.22789808 9.364172

-0.39414546 0.11686697 9.412056

-0.011073183 0.10729016 9.292346

-0.25528175 0.1695394 9.397691

-0.025438393 0.54782325 9.445575

0.13736732 0.50472766 9.383326

-0.058957215 0.6004957 9.809493

0.00808043 0.7058406 9.756821

0.06075287 0.5909189 9.8478

-0.55695117 0.3131915 10.2356615

-0.26485857 0.5909189 9.771186

-0.3127426 0.2988263 9.775974

-1.0405799 -0.77377605 5.5956984

-0.79637134 1.103278 11.432762

