-4.196138 -2.6651955 8.406491

-4.114735 -2.5454853 8.3011465

-3.880103 -2.5502737 8.305935

-4.1195235 -2.5454853 8.028207

-3.975871 -2.732233 8.037784

-4.2152915 -2.933346 8.3490305

-4.2871175 -2.732233 8.53099

-4.267964 -2.9477112 8.526201

-4.0668507 -2.6268883 8.425645

-4.162619 -2.8088474 8.315512

-3.927987 -3.1536126 7.975535

-3.7987003 -3.5318964 8.143129

-3.4778771 -3.7234325 8.2532625

-3.5592802 -4.432116 8.502259

-2.7931356 -5.4759884 10.613945

-3.7651815 -5.456835 11.878083

-3.9902365 -7.18066 13.544448

-5.5368905 -4.3507133 14.530859

-5.7619457 -5.356278 15.028853

-7.524078 -3.5941458 14.2004595

-7.4474635 -3.5845687 13.012935

-7.418733 -3.6851254 11.815834

-6.6717424 -1.0850223 9.723302

-6.154595 -1.3196541 9.12954

-5.8433485 -0.48168346 7.429657

-4.971859 0.27967268 6.4528227

-3.1762078 -0.8216601 4.824765

-2.4483705 -0.2805705 4.1735425

-0.57610476 0.52388126 2.9477112

-0.317531 0.19826983 3.110517

0.30974984 -0.55829793 2.1576247

0.30017304 -1.1616367 1.4010569

1.1525089 -2.5406969 1.2861352

0.64014965 -2.5885808 1.7649755

1.4446014 -4.7194204 1.8128597

1.6600796 -7.7839985 3.6707602

-0.55695117 -9.378537 5.2652984

0.16609775 -9.981875 6.9747586

-1.5864578 -11.763162 9.613169

-1.7684172 -12.18933 10.676194

-4.057274 -12.538883 11.164612

-3.9662943 -10.570849 12.328194

-6.9494696 -5.308394 15.881188

-7.773075 -6.0697503 13.352912

-9.1952305 -6.3139586 13.41995

-9.630976 -2.373103 12.323405

-9.46817 -1.5590742 8.89012

-8.362049 1.3905823 7.2860045

-7.552809 0.4329016 6.2181907

-6.8393364 -0.37155017 6.151153

-4.6031523 -0.91263974 7.0465846

-4.4403462 -2.7753286 8.20059

-4.291906 -2.9668648 8.363396

-4.1817727 -3.2733226 8.521413

-4.114735 -2.9141924 8.358607

-4.0189667 -2.6939259 8.100033

-4.1291003 -2.9764416 8.2532625

-4.306271 -2.6508303 8.152706

-4.1769843 -3.0003836 8.090456

-4.2488103 -2.8375778 8.17186

-4.1195235 -2.53112 8.100033

-4.2392335 -3.1679778 8.425645

-4.1338887 -2.6795607 8.210167

-4.0429087 -3.0674212 8.353819

-3.4299932 -1.745822 7.812729

-4.3733087 -2.2246623 8.305935

-4.1434655 -2.602946 8.205379

-4.1674075 -2.6173115 8.210167

-4.1769843 -2.7944822 8.162283

-4.1817727 -2.8710968 8.435222

-4.282329 -2.804059 8.406491

-4.1769843 -2.7035027 8.353819

-4.095581 -2.7418098 8.262839

-4.162619 -2.6795607 8.167071

-4.1817727 -2.7896938 8.310723

-4.071639 -2.7609634 8.401703

-4.4211926 -2.636465 8.305935

-4.4211926 -2.636465 16.441431

-5.6757545 -3.1200938 7.9851117

-4.00939 -2.330007 8.574085

