0.055964466 -9.440786 2.7705402

0.1086369 -9.603592 2.6747723

0.44861355 -9.397691 2.397045

0.38157588 -9.594015 2.387468

0.012868834 -9.632322 2.444929

0.036810853 -9.36896 2.243816

0.1086369 -9.45994 2.444929

0.055964466 -9.388114 2.353949

0.2475006 -9.397691 2.387468

0.27623102 -9.435998 2.3156419

0.21398178 -9.244462 2.459294

-0.10684125 -9.282769 2.6316767

0.14215572 -9.416844 2.4257753

-0.054168813 -9.55092 2.5933692

0.21877018 -9.55092 2.4688709

0.3863643 -9.57965 2.5502737

-0.044592008 -9.632322 2.5406969

0.16130935 -9.435998 2.579004

0.22355859 -9.603592 2.3683145

0.42467153 -9.316288 2.373103

0.45340195 -9.263616 2.4640825

0.26665422 -9.292346 2.53112

0.19003975 -9.277981 2.5502737

0.33369187 -9.3115 2.5359085

0.29059622 -9.388114 2.4784477

0.32411507 -9.522189 2.6077347

0.3672107 -9.507824 2.4257753

0.15652093 -9.507824 2.7226563

0.19003975 -9.531766 2.5023897

0.20919338 -9.455152 2.4401405

0.3576339 -9.402479 2.5263317

0.29059622 -9.503036 2.41141

0.3672107 -9.536554 2.6412535

0.3624223 -9.412056 2.353949

0.032022446 -9.426421 2.4401405

0.26665422 -9.603592 2.5215433

0.33848026 -9.464728 2.306065

0.2379238 -9.392902 2.41141

0.2427122 -9.503036 2.5167549

0.252289 -9.526978 2.6508303

0.31932664 -9.354595 2.7035027

0.51086277 -9.383326 2.9237692

0.48692077 -9.881319 3.076998

0.62578446 -10.355371 3.2158618

1.0040684 -11.087997 3.2350154

1.0998363 -10.733655 3.6659718

1.1956044 -12.0361 4.5374613

1.5834651 -11.456704 4.523096

2.1963809 -11.562049 4.6954784

3.1492732 -11.988216 5.3754315

3.125331 -11.394455 6.735338

3.1875803 -10.652252 6.993912

3.4509425 -10.36016 7.53979

3.2163107 -9.656264 7.7600565

2.5698762 -7.491906 7.3003697

2.9146414 -6.8358946 6.5916862

1.6600796 -5.102493 6.2421327

2.2251112 -4.3890204 5.2413564

2.2490532 -1.6883612 3.9580643

2.732682 -2.7370214 3.8431427

3.316867 -2.2773347 3.2589574

4.001609 -1.9996073 4.0681977

4.901829 -2.090587 5.164742

5.8020487 -1.7506104 5.1455884

5.4812255 -1.520767 5.543026

5.998373 -1.8368016 6.079327

5.792472 -1.5686511 6.4767647

6.00795 -1.4680946 6.831106

5.9696426 -1.3531729 7.2716393

6.2042747 -2.2964883 7.376984

6.319196 -1.9996073 7.429657

6.118083 -2.104952 7.3482537

5.9169703 -1.9086276 7.6978073

6.391022 -1.817648 7.635558

6.142025 -2.0762217 7.3338885

6.45806 -2.0283377 7.132776

6.055834 -1.9565117 7.5924625

6.103718 -1.9804537 7.353042

