0.2475006 6.600365 6.993912

-1.3661914 6.744017 7.5924625

0.041599255 6.207716 7.266851

-0.1690905 6.384887 7.2285438

-0.102052845 6.5189624 7.2141786

-0.38935706 6.5907884 7.3099465

-0.1882441 6.624307 7.257274

-0.5138555 6.720075 7.338677

-0.36062664 6.8637276 7.3243117

-0.3462614 6.9978027 7.266851

-0.3510498 6.9499187 6.855048

0.23313539 7.7447934 7.257274

-0.07332243 7.2228575 6.9603934

0.32890347 5.9874496 7.1519294

0.5587468 5.6570497 7.8318825

0.7933786 4.7568297 8.10961

0.7933786 4.7568297 8.234109

0.9083003 3.4256537 8.487894

0.86041623 2.5302222 8.377761

0.13736732 2.3434746 7.8893437

-0.3031658 1.7114053 7.731326

-2.2472575 2.075324 6.9747586

-3.8130655 4.402488 6.505495

-4.694132 5.829432 6.3714194

-6.1833253 6.246023 6.4288807

-6.2599397 7.179762 7.2476974

-5.9295397 10.565164 6.5102835

-5.326201 10.3832035 6.409727

-5.6374474 10.129418 5.758504

-4.7228622 8.036886 5.045032

-4.995801 7.797466 3.6276646

-5.59914 7.03611 0.15128362

-7.0500264 4.354604 2.4784477

-9.290999 4.747253 2.9716532

-9.290999 2.8031614 6.0362315

-9.204807 -0.6109703 7.6978073

-10.660482 0.1503858 9.364172

-8.577527 0.33713353 10.034548

-8.831312 0.85428107 10.872519

-7.988553 0.5621885 9.986664

-8.56795 1.553388 9.445575

-7.212832 3.191022 6.352266

-7.0212955 3.6842275 5.083339

-7.2702928 3.262848 5.346701

-7.236774 3.262848 4.594922

-6.5759745 3.6938043 5.8877907

-7.1936784 3.9619548 5.0977044

-6.9877768 3.9619548 5.3993735

-7.0739684 3.904494 5.6196404

-6.844125 3.904494 5.614852

-7.016507 3.6363435 5.59091

-6.944681 3.569306 5.7201967

-6.8537016 3.655497 5.543026

-7.1457944 3.655497 5.844695

-6.786664 3.7608418 5.2652984

-6.920739 3.569306 5.6100636

-6.963835 3.679439 5.3754315

-7.0883336 4.043358 5.3371243

-7.198467 4.167856 5.653159

-6.963835 3.4926913 5.7537155

-7.0069304 3.9428012 5.164742

-6.6478004 3.7368999 5.605275

-6.8537016 4.129549 5.0881276

-7.203255 3.7416883 5.6818895

-6.8297596 3.7225347 5.8351183

-6.801029 3.679439 5.3658547

-7.1697364 4.09603 4.858284

-7.3373303 3.9715316 5.432893

