8.186673 -4.321983 3.2828994

8.541016 -4.460847 3.0817864

8.339902 -4.432116 3.0578444

8.339902 -4.0298905 2.8375778

8.244134 -4.3746552 2.9668648

8.205827 -4.168754 2.8758852

8.205827 -4.130447 2.6651955

8.363844 -4.1400237 2.9716532

8.052598 -4.034679 2.9381344

8.70861 -4.1496005 2.885462

8.459613 -4.666748 3.076998

7.942465 -5.0402436 3.0195372

6.716634 -4.441693 2.9189808

6.6448073 -4.7673044 3.1440358

6.8554974 -5.102493 3.0722096

6.4676366 -5.806388 3.1296706

7.1667433 -7.8893437 2.9716532

7.2337813 -8.67943 2.555062

7.6886797 -8.100033 2.7465982

8.349479 -9.483882 2.5215433

8.172308 -9.560496 2.9046156

9.000702 -9.790339 1.8798972

9.230545 -10.915614 2.0283377

8.852262 -10.700136 3.0578444

8.397364 -10.029759 1.9421465

8.172308 -9.517401 3.3786676

7.8514853 -8.492682 2.8423662

7.659949 -10.26918 3.359514

7.3343377 -7.3291 2.3347955

6.721422 -8.100033 0.5104139

6.6352305 -8.578874 1.2047324

6.8938046 -6.682666 0.9413702

7.205051 -4.8104 0.3859154

6.960842 -3.3930328 0.021996727

6.6735377 -2.7705402 0.8264485

6.03668 -3.3786676 1.472883

5.711069 -4.2788873 2.1815667

5.4093995 -6.553379 3.8431427

4.8252144 -3.3690908 2.459294

4.877887 -3.3547256 1.496825

4.0925884 -4.8534956 3.1727662

3.920206 -2.9381344 2.066645

3.8340147 -4.532673 2.2390275

2.8811226 -5.9308867 1.4920366

3.3312323 -3.632453 -0.5669769

2.0192099 -7.204602 -1.7305589

3.3743281 -8.157495 -0.34192193

3.5802293 -6.577321 -0.4664204

3.0104094 -9.019406 -1.055394

2.1580737 -9.584438 -1.529446

1.190816 -7.9372277 -2.573318

2.1724389 -9.804705 -3.0186393

2.7422588 -10.154259 -4.589236

2.7709892 -10.575638 -4.737676

1.7414825 -10.020183 -4.4791026

2.6177602 -12.763938 -5.2979193

2.9625254 -13.803021 -7.1031475

5.0454807 -16.053572 -6.9834375

5.8116255 -16.814928 -7.265953

5.131672 -12.395231 -5.307496

6.6687493 -12.227637 -5.613954

5.414188 -9.455152 -4.33545

4.53791 -7.683442 -4.1487026

3.8483799 -8.41128 -3.1718683

4.111742 -6.1655183 -1.8071734

4.523545 -8.147918 -1.6108488

5.0167503 -8.535778 -1.0410289

4.681562 -6.888567 -0.94047236

4.7102923 -7.965958 0.29493573

5.1029415 -6.2660747 0.021996727

5.864298 -6.8454714 -0.2653075

6.165967 -8.248474 -0.03067571

6.5011554 -6.1224227 -0.21263504

6.194698 -8.262839 -0.10729016

6.8842278 -9.158271 -2.4488194

6.8219786 -8.3203 -1.9412487

6.2473702 -6.8598366 -0.5957073

6.1611786 -7.827094 -0.4568436

6.568193 -8.765621 -0.8973767

6.654384 -8.41128 -1.0314521

6.362292 -7.645135 -0.97399116

6.4676366 -7.525425 -0.92131877

6.36708 -7.2620625 -0.84949267

6.304831 -7.6020393 -0.7728782

6.36708 -7.6259813 -0.94526076

6.0893526 -7.851036 -0.6771102

6.0031614 -8.066514 -0.49993923

5.926547 -8.214955 -0.5861305

6.0175266 -7.6978073 -0.3179799

