1.9042882 6.6530375 6.735338

1.7654245 6.5812116 7.027431

1.6792332 6.6913447 7.0465846

1.6840216 6.648249 7.037008

1.7797897 6.5093856 7.041796

1.9042882 6.595577 6.5916862

1.9425954 6.499809 6.768857

1.7079636 6.538116 6.73055

1.9665375 6.514174 6.993912

1.9856911 6.456713 6.87899

1.7989433 6.7104983 6.711396

2.0431519 6.834997 6.855048

1.9473838 6.9020348 6.802376

1.7366941 6.9499187 7.1902366

2.0862474 6.6913447 7.017854

1.7797897 6.3370028 7.1279874

1.9473838 6.1167364 6.9508166

1.7558477 6.1071596 7.041796

1.7797897 6.1406784 7.1040454

2.1389198 6.121525 6.706608

1.8564042 6.169409 6.8694134

1.9761143 6.1406784 6.6299934

1.8947114 6.3082724 6.768857

1.68881 6.3226376 6.8119526

1.7797897 6.490232 6.816741

1.5355811 6.1311016 7.1184106

1.2913725 6.054487 7.037008

1.2961609 6.289119 7.017854

1.439813 6.514174 6.993912

1.3871406 6.6434608 6.831106

1.142932 6.8206315 6.768857

1.2291234 6.8637276 6.4623995

0.8029554 6.2556 6.735338

0.62578446 5.7145104 6.840683

1.0088568 7.026533 6.783222

0.6784569 7.0169563 6.907721

0.49649757 7.026533 6.9508166

0.37199908 6.480655 7.171083

0.30496144 6.4615016 7.1279874

0.34805706 7.2563763 6.505495

0.29059622 6.8062663 7.132776

0.12300211 6.82542 6.720973

-0.02064999 6.720075 6.7018194

0.099060096 6.9211884 7.2476974

-0.23133974 7.1893387 6.4528227

-0.0350152 7.242011 6.9508166

-0.39414546 6.954707 7.027431

-0.6335656 6.4710784 6.783222

-0.19303252 7.313837 6.6778774

-0.38935706 7.8692923 6.0841155

-0.5138555 7.4431243 6.917298

-0.79158294 7.1031475 6.8358946

-0.863409 6.906823 6.2373443

-1.0788871 6.906823 6.3379006

-0.935235 6.988226 6.2277675

-1.3183073 7.4431243 5.9644055

-1.3326725 6.801478 7.0226426

-1.4236522 6.490232 5.796811

-1.5864578 6.9355536 5.3275476

-1.8498201 7.1510315 6.1176343

-2.3190837 7.289895 6.634782

-2.5537155 7.4239707 6.7161846

-2.347814 7.098359 7.266851

-1.8689737 8.05604 5.3371243

-1.7636288 7.3473563 7.0082774

-1.9886838 7.2467995 5.6004868

-1.8498201 7.0456867 5.9883475

-2.218527 6.2508116 6.6443586

-2.1179707 6.767959 6.4240923

-2.3526025 6.7009215 6.720973

-2.6015995 6.753594 6.5725327

-2.8841152 6.7823243 6.9268746

-2.9511528 6.001815 6.965182

-2.965518 6.547693 6.553379

-2.893692 6.4854436 6.993912

-2.9224224 6.3082724 6.4384575

-3.1331122 6.303484 6.989124

-3.2911296 6.0449104 6.376208

-3.2671876 6.504597 6.1176343

-3.3725324 6.0927944 6.7401266

-3.3773208 6.2508116 6.2756515

-3.688567 6.174197 6.6539354

-3.8082771 6.001815 6.6443586

-3.865738 6.183774 5.9739823

-3.726874 6.1311016 6.6922426

-3.880103 5.6666265 6.222979

-3.8848915 5.733664 6.4623995

-3.9231987 5.6331077 6.816741

-4.2152915 5.551705 6.2900167

-4.3924623 5.5852237 7.051373

-4.6270943 5.4607253 6.8837786

-4.402039 5.494244 7.5541553

-4.3733087 5.2979193 7.137564

-4.6079407 5.3458033 7.3817725

-4.6558247 5.1542673 7.3482537

-4.660613 5.455937 6.96997

-4.6510363 5.1829977 7.3291

-4.765958 5.3027077 6.8981442

-4.756381 5.1542673 7.376984

-4.7132854 5.125537 7.353042

-4.7276506 5.3122845 6.955605

-4.612729 4.8621745 7.051373

-4.6414595 5.149479 6.979547

-4.9048214 5.293131 6.744915

-4.890456 4.99625 6.831106

-4.67019 5.44636 6.366631

-4.7611694 5.4511485 6.3953614

-4.660613 5.3649573 6.318747

-4.828207 5.2644005 6.4240923

-4.813842 5.2021513 6.649147

-4.7037086 5.408053 6.601263

-4.6749783 5.3458033 6.4863415

-4.718074 5.2739773 6.816741

-4.7228622 5.4176297 6.2277675

-4.6749783 5.317073 6.4863415

-4.804265 4.9627314 6.3474774

-4.7515926 5.2404585 6.6299934

-4.7037086 5.317073 6.634782

-4.684555 5.4607253 6.5677443

-4.6270943 5.5133977 6.390573

-4.81863 5.4511485 6.3714194

-5.0149546 5.3793225 6.419304

-4.914398 5.307496 6.577321

-4.555268 5.6522613 6.419304

