-2.6877906 3.7416883 8.55972

-2.2807765 4.0146275 8.377761

-2.740463 4.18701 8.487894

-2.5010428 4.09603 8.387338

-2.5058312 3.8518217 8.444798

-2.1371243 3.8183029 8.286781

-2.4579473 3.6028247 8.463952

-2.4579473 3.7416883 8.487894

-2.7069442 4.1103954 8.631546

-1.8546085 3.631555 8.526201

-1.3661914 3.703381 8.957157

-1.2416929 3.1096191 9.268404

-1.0310031 2.894141 9.775974

-1.7157447 2.2046108 10.680983

-2.323872 1.5438112 10.915614

-2.797924 1.5007155 10.484658

-3.238457 1.352275 10.355371

-3.746028 1.8742111 10.039336

-3.6311061 1.9173067 9.560496

-3.8848915 2.7504888 9.321076

-4.1769843 2.7121816 9.3115

-4.4211926 2.6068368 8.813505

-4.6031523 2.7887962 8.938004

-4.483442 2.965967 8.526201

-4.3014827 3.1718683 8.162283

-4.023755 3.6507087 7.836671

-4.148254 3.5214217 7.611616

-4.2631755 3.9380128 7.3865614

-4.6797667 4.210952 7.5062714

-4.7755346 4.919636 7.3195233

-5.2017026 5.0584993 7.1423526

-5.2017026 5.5612817 6.5964746

-5.316624 5.695357 6.28044

-5.172972 6.633884 5.796811

-5.412392 6.7966895 5.662736

-5.5464673 6.4471364 6.079327

-4.8808794 7.026533 5.9308867

-4.3445783 6.528539 6.2421327

-4.1291003 6.538116 6.539014

-3.5784338 5.9587193 6.7975874

-3.4108396 5.3218613 7.4583874

-2.7548282 5.5373397 7.5924625

-2.7356746 5.4846673 7.860613

-2.7500398 5.6762033 7.7983637

-2.692579 5.1063833 7.8893437

-2.6015995 4.924424 7.9611697

-2.6255414 4.5988126 8.037784

-2.596811 4.9675198 7.812729

-2.5776575 5.197363 7.8558245

-2.1036055 5.6283193 7.563732

-2.036568 5.527763 7.6595

-2.29993 5.431995 7.6499233

-2.5872343 5.3936877 7.9084973

-2.9463644 4.943578 6.864625

-2.3286605 5.3888993 7.8989205

-2.4244285 5.2979193 8.310723

-2.4387937 5.2021513 7.927651

