-7.078757 5.6905684 2.3395839

-7.141006 5.9156237 2.7274446

-7.2319856 5.757606 2.6268883

-7.212832 5.5804353 2.3252187

-7.059603 6.1406784 2.8375778

-7.102699 5.9635077 2.6699839

-7.141006 6.102371 2.7944822

-7.260716 5.906047 2.8232126

-7.332542 6.0927944 2.804059

-8.041225 6.696133 3.0674212

-8.529643 6.9594955 2.9620764

-9.630976 7.984214 3.0386908

-11.014824 8.410381 3.9245455

-10.928633 9.468618 3.6516066

-10.090662 9.511714 3.3499372

-10.167276 9.262717 4.0298905

-9.46817 7.950695 4.226215

-8.812159 7.5676227 3.9389107

-7.9550343 7.0696287 4.3746552

-7.06918 5.771971 4.0442557

-6.753145 5.7767596 4.475212

-4.962282 5.724087 3.1536126

-5.02932 4.7664065 3.325995

-5.14903 4.943578 3.8096237

-3.8465843 6.1071596 1.3962685

-3.4922423 5.7384524 1.9613001

-2.4771008 4.201375 2.3347955

-1.73011 4.5988126 2.0618565

-1.3374609 5.8868933 1.3292309

-1.0118495 5.0249805 1.769764

-1.4380174 5.791125 2.3156419

-1.4859015 6.906823 2.6891375

-1.9695302 7.3952403 3.4696472

-2.108394 8.477419 3.4409168

-1.8402433 9.497349 2.330007

-2.1993735 8.601918 2.9524996

-2.122759 8.525303 3.2589574

-2.3813329 8.467842 3.4504936

-2.6255414 8.654591 3.1200938

-2.8027124 8.697686 3.7473745

-2.5058312 9.190891 3.4696472

-2.5058312 9.018509 3.455282

-2.395698 8.458265 3.4935892

-2.1179707 9.114277 3.2637458

-2.6111763 8.314613 3.5845687

-2.8362312 8.640225 3.680337

-3.3821092 9.660155 2.8902504

-2.6255414 8.501361 3.4935892

