-6.944681 -2.780117 5.6196404

-7.1936784 -2.708291 5.7920227

-7.0883336 -2.5933692 5.9979243

-6.8393364 -2.4497173 6.0122895

-6.915951 -2.4497173 5.7537155

-7.059603 -2.6412535 6.1224227

-7.227197 -2.6412535 6.342689

-7.212832 -2.3587375 6.3857846

-7.222409 -2.1767783 6.5438023

-6.5568204 -1.5064018 6.5007067

-6.7435684 -1.5255554 6.735338

-6.6334352 -1.520767 6.663512

-6.681319 -1.6883612 6.75928

-6.456264 -1.5734395 6.802376

-6.40838 -1.3052888 6.663512

-6.2216325 -1.2861352 6.2756515

-6.3509192 -1.223886 6.831106

-6.489783 -1.1137527 8.554932

-7.3660607 0.121655375 10.455928

-8.860043 -0.49126026 10.95871

-9.583092 -1.1520599 12.447904

-9.305365 -0.021996727 12.1941185

-9.334095 0.35628715 11.753585

-9.238326 -0.725892 10.776751

-9.362825 -1.0610802 8.674642

-9.022848 -1.3244425 8.46874

-8.544008 -0.98925424 8.966734

-7.710826 -0.5295675 8.214955

-5.728427 -0.46252984 6.390573

-4.569633 -0.41943422 5.3179708

-3.4778771 -0.2853589 4.4656353

-2.1993735 -0.29493573 4.523096

-0.69102645 0.52866966 4.9109564

-0.15951368 0.7202058 5.447258

0.3576339 0.9165303 5.504719

0.47734398 1.1751041 6.2277675

0.54917 2.218976 7.2381206

0.75507134 2.5206454 7.487118

0.6832453 2.8654106 8.176648

0.52043957 3.296367 8.41128

0.3672107 2.9611785 8.674642

0.573112 3.2101755 8.875754

0.45340195 3.3011553 8.669853

0.86041623 3.2484827 8.741679

0.6545149 3.2005987 9.072079

0.9083003 3.4735377 8.842236

0.9322423 3.4256537 8.674642

0.6688801 3.569306 9.03856

0.49170917 3.1814451 9.134329

0.49649757 3.0282161 9.12954

0.48692077 3.2820017 9.239674

0.18525136 3.4591725 9.397691

0.5635352 3.191022 9.196578

0.3959411 3.296367 9.148694

0.3576339 3.5309987 9.0816555

0.50607437 3.416077 9.062502

0.30974984 3.3394625 9.000253

-0.068534024 3.0904655 9.158271

0.6497265 3.6746507 9.282769

