2.459743 7.3042603 5.6962547

2.6464908 7.4239707 5.7201967

2.2442648 7.6107183 5.638794

2.4070706 7.4670663 5.5238724

2.5698762 7.6729674 5.629217

2.1724389 7.60593 5.5621796

2.9721022 7.974637 5.480777

2.9481602 8.4008045 5.6962547

3.2450411 8.5205145 6.0936923

3.6281135 8.276306 6.328324

3.575441 5.3793225 9.890896

4.830003 -3.7569513 7.874978

2.5507226 -1.4154221 11.006594

1.9713259 -6.955605 10.182989

-0.21218613 -1.3531729 7.4966946

-1.1555016 0.44726682 5.945252

-4.0429087 2.8989294 5.6435823

-6.2072673 7.7926774 6.457611

-8.558373 14.8172655 4.475212

-9.271846 15.827619 2.4880245

-5.556044 20.845865 -5.8629513

-4.4451346 11.139771 -6.0688524

-10.39712 10.158149 -3.535787

-13.298893 6.025757 4.417751

-13.571832 2.7600656 7.1902366

-14.893431 -3.6372414 11.691336

-7.615058 -2.9381344 16.6617

-7.2655044 -2.4640825 16.920273

-6.518513 -2.8136358 15.838093

-7.164948 -1.0850223 12.524518

-6.8776436 0.7872434 9.416844

-6.724415 1.1655273 7.6882305

-6.422745 1.778443 7.017854

-5.943905 1.103278 7.7600565

-5.7810993 1.4671967 7.6547117

-6.0253077 1.4384663 7.827094

-6.0444613 1.9364603 7.6499233

-6.2551513 1.6778865 7.3817725

-6.4035916 2.3769934 7.444022

-6.4610524 2.041805 7.113622

-6.4131684 2.2764368 7.185448

-6.456264 2.2812252 7.0226426

-6.130653 2.5541644 6.5102835

-6.5233016 1.8694227 7.0944686

-6.456264 2.693028 6.2421327

-6.0444613 2.5828948 6.658724

-6.2120557 2.4153006 7.051373

-6.130653 1.7161937 6.8119526

-6.5472436 1.8406922 6.874202

-6.4131684 2.099266 6.318747

-6.370073 2.2764368 6.5581675

-6.40838 2.4488194 6.6204166

-6.868067 4.0050507 6.634782

-6.5903397 2.740912 6.979547

-6.145018 3.0521584 6.87899

