-3.7029321 -0.5199907 8.775198

-3.463512 -0.25662848 8.3203

-3.6358945 -0.6923732 8.17186

-3.6598365 -0.6013935 7.9803233

-3.3294368 -0.6013935 7.7025957

-3.4012628 -0.6827964 7.9899

-4.2057147 -1.4106337 8.961946

-4.842572 -1.3579613 9.775974

-4.3972507 0.63401455 10.26918

-4.4595 0.24615386 11.844564

-4.234445 3.85661 15.172505

-5.0484734 3.0665236 16.647333

-5.6374474 2.7744308 16.90112

-6.786664 1.5102924 16.407913

-4.8329954 3.3155205 11.38009

-4.2488103 3.2436943 9.6706295

-3.9902365 2.372205 9.292346

-4.4930186 -0.2805705 9.546131

-4.3589435 1.3187562 7.3578305

-2.5537155 0.33713353 6.2756515

-0.90650463 -1.889474 5.638794

0.3672107 -2.0522797 5.5382376

2.5363574 -2.6556187 6.3953614

4.0303392 -0.16564883 6.6683006

2.8715456 0.088136554 7.6882305

2.5267806 -1.0945991 8.028207

1.3248913 2.5828948 9.354595

0.62578446 1.2229881 8.89012

-0.40851066 2.396147 9.124752

-1.5098435 4.0242043 8.808717

-0.8490438 2.7696424 8.583662

-1.136348 2.515857 9.297134

-1.1315596 3.6267667 9.110387

-2.1419127 5.408053 8.976311

-1.16029 7.4814315 7.132776

-1.4188638 6.9020348 6.807164

-1.2512697 6.7104983 6.0122895

-0.81073654 6.150255 5.059397

-0.22176293 2.6259904 2.3491607

-0.79158294 2.0226514 2.9381344

-1.4763247 1.4241011 2.7178679

-1.0645219 -0.13691841 2.684349

-2.0269911 -1.9421465 6.4767647

-4.6989202 -2.3443723 7.42008

-6.3030353 -3.9484875 9.957933

-8.3668375 -3.8192005 11.044901

-7.8401127 -5.155165 11.930756

-9.841665 -6.8981442 11.001805

-8.630199 -5.3897967 11.959486

-6.748357 -5.782446 12.716054

-7.892785 -2.6795607 10.403255

-8.754698 -2.5933692 9.412056

-8.998906 -1.8703204 8.483106

-8.998906 -1.1089643 6.634782

-8.931869 0.8063971 5.2892404

-9.027637 0.9165303 4.2932525

-9.377191 1.0218753 3.6037226

-10.210372 -0.66364276 3.3786676

-10.57908 -3.6276646 3.0482676

-9.870396 -6.6539354 4.6236525

-9.472959 -7.9468045 5.854272

-8.639776 -7.1040454 4.6811132

-7.988553 -9.857377 6.7018194

-7.1841016 -8.942792 5.7058315

-6.5999165 -8.186225 5.3179708

-6.370073 -7.338677 5.8399067

-5.982212 -4.4656353 5.629217

-5.6278706 -3.2637458 5.7776575

-5.3453546 -2.9524996 6.0218663

-5.3597198 -2.1193175 6.031443

-5.1873374 -1.7601871 6.9603934

-5.081992 -1.6404771 7.8558245

-4.923975 -0.036361936 7.965958

-4.923975 -0.5918167 7.6786537

-5.1777606 -1.6835726 8.104821

-4.842572 -1.2286744 7.53979

-4.1817727 -1.022773 6.5821095

-5.3070474 -1.7984943 7.5541553

-5.5225253 -1.8942624 7.7696333

-5.4985833 -1.9373581 7.9851117

-5.5033717 -1.6500539 7.8462477

-5.6518126 -1.046715 7.9563813

-5.4267573 -1.0323498 8.2772045

-4.636671 -1.4297873 8.162283

-5.2735286 -0.75462246 8.248474

-5.2112794 -0.9413702 8.162283

-5.469853 -1.1951555 8.2532625

-5.484218 -1.0419266 7.716961

-5.694908 -1.1760019 7.879767

-5.493795 -1.0850223 7.6020393

-5.2591634 -1.1807903 7.621193

-5.182549 -1.3052888 7.9803233

