0.07511808 4.0625114 8.894908

-0.19303252 3.751265 8.933215

-0.12120646 3.7560534 8.535778

0.13736732 3.808726 7.491906

0.61620766 3.832668 6.8933554

0.59705406 4.143914 6.649147

0.45819035 4.033781 6.586898

-1.2991537 1.8837879 8.91885

-1.7923592 2.099266 9.732879

-2.5920227 1.8119618 11.202919

-3.142689 1.5007155 12.423962

-2.3861213 2.669086 11.475858

-1.9599533 2.870199 10.676194

-1.552939 3.1766567 10.12074

-1.6870143 3.655497 9.833435

-1.6726491 4.981885 13.92752

-2.5680807 6.4950204 15.459809

-3.975871 7.107936 16.288202

-4.00939 4.2684126 14.82774

-3.190573 1.0170869 12.021735

-2.5345619 -0.18480244 11.346571

-2.692579 1.8694227 11.811046

-3.640683 1.8167502 12.040889

-1.9934722 4.713734 7.7935753

-1.7444752 -1.5303438 4.738574

-1.7444752 -5.284452 2.8567317

-0.3462614 -3.6276646 3.0674212

1.4829087 -0.8072949 3.7952585

1.6026188 -1.0802339 4.8391304

1.6744448 -1.3771149 5.605275

2.0144215 -0.65885437 6.577321

2.8906994 0.1551742 7.362619

3.206734 1.8694227 8.334665

2.4788966 -0.112976395 9.254039

2.0910358 0.3036147 9.234885

1.3201029 0.33234513 9.440786

1.8180969 0.36107555 9.890896

2.1101894 1.7640778 9.584438

1.3392565 0.7297826 9.416844

0.8029554 2.0322282 8.894908

1.9234418 2.4105122 9.105598

1.5164275 2.5014918 8.703372

1.3153145 0.97877955 10.350583

1.8564042 1.6204256 9.172636

2.0383635 1.3187562 9.3115

2.0623055 3.238906 9.440786

2.4070706 3.545364 8.923638

2.2442648 2.8079498 9.148694

2.2155344 3.416077 9.19179

2.0192099 2.822315 9.215732

2.0192099 2.9085062 9.282769

2.105401 2.7313352 9.172636

2.2155344 2.8606222 8.67943

2.009633 2.3578398 9.163059

1.9569606 2.5254338 9.12954

1.8037317 2.7935846 9.03856

1.664868 2.4631846 9.12954

1.7462709 3.0808887 9.215732

1.8516158 2.4823382 9.143906

