-2.6494834 8.83655 3.7713165

-2.5393503 8.946683 3.608511

-2.548927 9.056816 4.0203137

-2.7500398 8.726417 3.5127428

-2.5824459 8.683321 3.4696472

-2.4100633 8.731205 3.5941458

-2.7548282 8.486996 3.5318964

-2.4579473 8.764724 3.8766615

-1.9551649 8.62586 3.5654151

-2.1897967 8.4247465 4.3890204

-1.7205333 8.803031 4.475212

-1.1698668 8.587553 4.8630724

-1.2704233 8.218845 5.461623

-2.371756 8.079982 6.16073

-3.0134022 7.763947 6.112846

-2.9032688 7.313837 5.701043

-2.5010428 7.5149503 5.356278

-1.9360113 7.4718547 4.858284

-2.084452 7.620295 5.212626

-2.6255414 7.5676227 5.959617

-2.9559412 7.9459066 5.581333

-3.343802 8.271518 5.6723127

-3.746028 7.81662 5.4903536

-4.1003695 7.3760867 5.054609

-4.7037086 7.5532575 4.1352353

-4.5409026 8.396016 3.1248822

-3.8082771 8.750359 2.1288943

-3.5066078 8.774301 2.258181

-2.845808 7.974637 2.4018333

-6.666954 8.463054 3.1296706

-6.384438 8.673744 2.0139725

-6.394015 8.170961 0.5918167

-5.067627 10.450241 -0.97399116

-4.8329954 11.38398 -1.9556139

-3.9806595 10.732758 -2.6259904

-4.435558 10.191668 -2.5445876

-6.030096 8.903587 -2.2333412

-6.0492496 8.501361 -2.2477064

-5.632659 8.343344 -1.9173067

-5.1538186 8.788666 -1.6635213

-4.186561 9.502137 -0.67232174

-3.7747583 9.550022 -0.39459437

-4.22008 9.535657 0.11776479

-3.8274307 9.971401 -0.22221185

-4.7515926 8.376863 0.45295304

-4.6654015 7.989002 0.9701006

-4.425981 8.036886 1.4058453

-4.2775407 8.62586 1.5016134

-4.3445783 9.090335 1.3435961

-4.33979 8.941895 2.186355

-3.664625 9.042451 1.6931496

-3.4108396 8.874857 1.9325697

-4.315848 8.587553 2.234239

-3.961506 8.372074 1.9469349

-4.2966943 8.860492 1.8798972

-4.536114 8.482207 2.1911435

