-3.9423523 -0.91742814 9.148694

-3.5784338 -0.9461586 8.751256

-3.3773208 -0.9222166 8.550143

-3.6311061 -0.99883103 8.67943

-3.6023757 -0.79292965 8.756044

-3.6263177 -0.78814125 8.933215

-3.6981437 -0.9796774 8.880543

-3.664625 -0.91742814 8.779986

-3.746028 -0.91742814 8.736891

-3.5497034 -0.6397008 8.3729725

-2.8841152 -0.678008 7.4344454

-3.2001498 -0.99883103 7.874978

-3.6789901 -1.2621932 9.833435

-3.497031 -0.079457566 12.888436

-3.3150716 1.57733 16.982521

-6.6142817 5.2644005 21.703888

-7.950246 3.7416883 21.373487

-7.99813 1.9029415 19.151669

-8.103475 1.2277765 15.72796

-6.494571 -2.2533927 8.880543

-4.7132854 -2.210297 5.9117327

-3.1522658 -4.843919 1.9708769

-1.6487072 -2.9381344 1.1664251

0.9753379 -3.4744356 2.0618565

2.2203228 -2.195932 4.058621

4.001609 -2.1624131 6.3474774

4.403835 -1.6404771 9.100809

2.2873604 0.4281132 12.103139

0.47255555 1.6826749 12.342559

0.12300211 0.3131915 11.178977

-0.7293337 1.0170869 10.154259

-2.4866776 6.0353336 7.525425

-3.5544918 8.606707 6.4959183

-2.5824459 11.446229 4.3555017

-2.7021558 11.058369 4.8774376

-1.73011 10.718392 3.0817864

-1.1985972 9.358485 3.0578444

-0.48033673 7.811831 2.5406969

0.59226567 7.620295 0.17522563

0.6880337 3.0761003 -1.079336

0.75985974 1.6156372 -1.1846809

0.19961657 -0.32366616 1.3196541

-0.54737437 -1.9996073 6.1798835

-2.7787704 -4.642806 10.168624

-4.124312 -5.576545 11.949909

-5.9630585 -4.6475945 12.874071

-6.0492496 -5.030667 13.510929

-7.5863276 -3.814412 14.808586

-6.6334352 -3.7090673 13.362489

-6.3509192 -2.7418098 11.715278

-6.4993596 -3.8718731 10.556484

-6.2934585 -1.2095208 9.871742

-7.476194 -1.544709 8.607604

-7.42831 -0.7163152 7.4823294

-8.338107 1.160739 7.266851

-8.481759 1.280449 5.3658547

-10.808923 2.5062802 6.917298

-12.863148 1.304391 5.4424696

-12.815264 -3.5127428 5.2317796

-10.741885 -9.254039 4.8630724

-8.773851 -10.254815 4.6571712

-8.261492 -9.359384 5.068974

-7.6342115 -11.28911 5.092916

-5.7619457 -7.39135 5.9787707

-6.2359977 -5.0977044 6.711396

-5.8433485 -3.3978212 5.9548287

-5.6853313 -2.306065 5.959617

-6.192902 -0.85996735 6.246921

-6.274305 -1.0275614 6.4959183

-6.1641717 -1.0993875 6.7401266

-6.2934585 -1.0515034 6.73055

-6.3078237 -1.4776714 7.113622

-6.1593833 -1.5542858 7.137564

-6.178537 -1.5016134 7.3338885

-6.2072673 -1.5878047 7.8462477

-5.848137 -1.2526164 7.9611697

-5.6661777 -1.3579613 8.013842

-4.837784 -1.0802339 7.3195233

-5.134665 -1.0419266 7.8654013

-5.766734 -1.2047324 7.5924625

-5.594352 -0.66843116 7.6499233

-5.872079 -0.7977181 7.942016

-6.0205193 -1.3100772 7.53979

-5.5799866 -1.2190976 7.7983637

-5.1394534 -0.2709937 7.9372277

-5.3309894 -0.9605238 7.8893437

-5.374085 -0.65406597 7.9468045

-5.742792 -1.27177 8.095244

-5.50816 -0.8503905 7.8318825

-5.302259 -0.6013935 7.5828857

-5.350143 -1.0036194 7.5302134

-5.4650645 -0.77856445 7.755268

-5.3309894 -1.0515034 7.903709

-5.350143 -0.7306804 7.9946885

-5.5033717 -0.48168346 8.100033

-5.790676 -0.79292965 7.9372277

-5.9151745 -0.78335285 8.128764

