-6.9255276 1.2996026 6.5581675

-6.8776436 1.328333 6.232556

-6.801029 1.8742111 6.151153

-6.824971 1.7497126 6.1942487

-6.920739 1.754501 6.2900167

-7.0739684 1.9843442 6.4384575

-7.0452375 1.7305589 6.443246

-6.9255276 1.946037 6.2852283

-6.1593833 2.1758804 5.188684

-5.943905 1.0362405 4.896591

-5.010166 0.5909189 4.724209

-5.3453546 -0.23268647 5.198261

-6.6573772 -1.3627497 6.73055

-7.2798696 -2.3922565 7.1184106

-8.725967 -3.3403602 8.416068

-9.788993 -3.4361284 9.105598

-11.191995 -1.7601871 10.001029

-11.77618 -1.2095208 10.518177

-12.417827 1.0889128 11.4998

-13.96448 0.40417117 10.762385

-14.922161 2.0465934 9.962722

-15.76492 2.1663036 9.450363

-15.281292 1.9268835 7.836671

-14.405014 1.6683097 7.6020393

-12.963704 2.9085062 6.064962

-12.202349 3.2341175 5.8638487

-10.603022 4.2301054 5.030667

-8.577527 4.713734 4.274099

-4.3254247 6.1885624 1.745822

-3.544915 5.4176297 2.0283377

-1.7492636 6.3226376 1.4010569

-0.78200614 6.030545 1.3723265

-0.025438393 7.4431243 2.3252187

0.32411507 5.8916817 1.6261119

1.3584102 4.0673 2.4880245

1.8851346 3.631555 3.1296706

3.3312323 2.822315 3.0482676

1.9617491 2.4105122 4.666748

1.889923 3.3059437 2.5885808

0.07511808 3.205387 0.22310968

2.9481602 0.7728782 4.168754

0.43424833 1.055394 5.4520464

1.712752 -0.99404263 4.8534956

-2.7308862 -0.99883103 7.099257

-3.8322191 -0.4002806 10.278757

-4.6989202 0.62443775 10.197354

-4.363732 0.9931448 10.384102

-4.7515926 0.9931448 9.637111

-5.6039286 2.1806688 9.876531

-6.5089364 5.8102784 10.9682865

-5.7380037 2.1854572 8.751256

-8.931869 1.1751041 9.804705

-8.80737 2.693028 8.243686

-9.429863 5.6043773 10.465505

-10.344448 4.18701 8.58845

-12.355577 4.0625114 8.775198

-12.76738 3.6459203 8.612392

-13.160028 4.7520413 9.225308

-12.039542 -0.36676177 8.602816

-14.361918 1.6252141 9.637111

-10.2774105 5.431995 7.204602

-8.53922 2.2237644 6.2421327

-7.567174 2.5876832 6.103269

-6.240786 2.8893526 4.714632

-5.8529253 2.5685296 6.103269

-5.350143 3.1287727 5.7297735

-4.5744214 2.8749874 6.2277675

-4.837784 2.1279964 7.2381206

-4.363732 1.8215386 7.549367

-4.162619 0.8590695 8.052149

-4.1530423 1.1751041 7.9899

-4.330213 1.529446 8.430433

-4.4211926 0.64837974 8.760833

-4.2535987 0.9117419 8.554932

-4.282329 1.1128548 8.660276

-4.2727523 0.65316814 8.612392

-4.4068274 0.8255507 8.526201

-4.1291003 0.66274494 8.080879

-4.4930186 0.94526076 8.655488

-4.6079407 1.0170869 8.689007

-4.1817727 0.8686463 8.602816

-4.1674075 1.160739 8.511836

-4.1003695 1.1080664 8.042572

-4.4307694 1.2325649 8.545355

-4.0429087 1.2229881 8.238897

-4.234445 1.304391 8.631546

-4.4786534 0.8782231 9.225308

-4.2488103 0.93089557 8.866178

