1.1237785 4.5126214 8.281993

1.3536218 4.948366 8.214955

1.3775638 4.436007 8.3011465

1.3392565 4.843021 7.9899

1.3392565 4.843021 8.329877

1.2195464 4.7903485 8.305935

1.3009493 4.7903485 8.315512

1.248277 4.857386 8.3729725

1.3248913 5.139902 8.430433

1.3248913 5.527763 8.497471

1.3584102 5.125537 8.842236

1.3584102 4.493468 8.296358

1.3488334 4.493468 7.6068277

1.7319057 3.9475896 6.7161846

1.8851346 3.3298857 5.868637

1.095048 3.7129579 4.8104

1.7462709 3.8230913 4.2214265

1.7462709 3.8230913 4.858284

1.071106 2.9132946 6.7018194

0.72155255 2.9611785 8.933215

0.29059622 3.143138 9.833435

-0.4611831 2.549376 10.724078

-0.5282208 2.171092 10.642675

-1.2656349 2.6786628 9.445575

-0.8298902 1.7449241 9.435998

-0.77721775 1.2948142 9.924415

-1.4284406 0.6004957 10.135105

-1.3230957 0.32755673 10.154259

-1.3230957 0.32755673 9.933991

-2.323872 0.21263504 10.254815

-2.5824459 -0.74025726 10.393679

-2.6303298 -0.8408137 10.427197

-2.3669677 -0.64448917 9.943568

-2.2472575 -0.75462246 9.905261

-2.4866776 -1.0515034 10.034548

-2.0796635 -1.745822 9.148694

-2.18022 -1.544709 9.201366

-2.0652983 -1.8320132 9.048137

-2.1419127 -2.2294507 9.397691

-2.0126257 -2.4784477 9.632322

-2.3382373 -2.3778913 9.833435

-2.4483705 -2.7513866 9.7185135

-2.4627357 -2.602946 9.570073

-2.4627357 -2.660407 9.641899

-2.5537155 -2.7178679 9.517401

-2.5106196 -3.1631894 9.301923

-2.1419127 -3.3164182 9.182213

-2.1419127 -2.9141924 9.12954

-2.0317795 -3.2014966 9.163059

-2.242469 -2.7370214 9.014618

-2.3382373 -2.267758 9.048137

-2.2568343 -2.7513866 9.0098295

-2.146701 -3.0195372 9.364172

-2.668637 -2.7178679 9.028983

-2.524985 -2.5885808 9.0098295

-2.41964 -2.2246623 8.952369

-2.0126257 -1.9996073 9.115175

-2.4579473 -2.7130795 9.0337715

-2.2281039 -2.2390275 9.3115

