-0.09247604 8.635437 5.8351183

-0.22655134 8.74557 5.404162

-0.14036007 8.601918 5.150377

0.2570774 8.228422 4.6619596

0.26186582 8.4008045 4.6811132

0.084694885 8.439112 4.7194204

0.11342531 8.252364 4.786458

0.046387658 8.032098 4.9444757

0.12779051 8.319402 4.800823

0.2379238 8.20448 4.7194204

0.33369187 7.902811 4.642806

0.22355859 9.080758 3.9436991

-0.38456866 8.965837 3.1631894

-0.49470192 9.497349 2.8232126

-1.4428058 10.057592 2.6173115

-3.367744 11.168502 0.86954415

-3.9854481 11.130195 1.1137527

-4.315848 10.689662 1.0754455

-4.33979 10.589106 0.86475575

-4.5887866 10.531645 1.8224365

-4.483442 10.263494 1.8368016

-4.914398 9.79423 2.6699839

-5.0915694 9.530869 3.5893574

-5.1633954 9.310601 3.5318964

-5.623082 9.296236 4.1639657

-5.943905 9.564387 4.499154

-5.8098297 7.8070426 4.973206

-4.5887866 7.0552635 7.1184106

-3.5305498 6.906823 6.5246487

-3.6023757 6.844574 8.612392

-2.692579 5.977873 9.345018

-1.825878 4.4647374 9.57965

-1.4906899 5.3362265 9.292346

-0.57131636 5.4655137 8.660276

-0.1738789 5.9252005 8.20059

0.099060096 7.668179 7.013066

-0.102052845 8.223634 6.673089

0.501286 8.846127 5.6435823

0.0032920274 8.678533 5.935675

-0.3366846 8.510938 6.0218663

-0.13078327 8.826973 5.662736

-0.13557167 8.343344 5.394585

-0.317531 8.688109 4.9636292

0.2379238 8.343344 4.1639657

0.07032967 7.9937906 4.2932525

0.20440497 8.721628 4.0681977

0.6976105 8.621072 4.216638

0.62099606 8.59713 4.8391304

0.6449381 8.333767 4.934899

0.60663086 7.912388 4.312406

0.6497265 7.950695 4.915745

0.29059622 8.721628 4.216638

0.34805706 9.042451 4.2453685

0.099060096 8.764724 4.345925

0.3576339 8.98499 4.2118497

0.14694414 8.932318 4.4656353

0.2427122 8.587553 4.2788873

0.37199908 8.855703 3.9389107

-0.57131636 8.429535 4.499154

-0.55695117 8.539668 3.6755486

0.21877018 8.678533 4.1112933

0.012868834 8.673744 4.393809

