5.2178636 -6.5438023 4.796035

5.2801127 -6.7161846 4.9540524

5.179556 -6.586898 5.236568

5.452495 -6.2134023 5.0402436

5.720646 -6.1798835 5.1360116

5.667973 -6.151153 4.9923596

5.7158575 -6.4145155 4.7433624

5.6488194 -6.2756515 5.179107

5.653608 -5.9644055 5.432893

5.428553 -6.2038255 5.418527

5.758953 -6.3379006 5.308394

5.840356 -6.433669 5.629217

5.644031 -6.404938 5.418527

5.3519387 -6.270863 5.2174144

5.2801127 -6.0936923 5.0258784

5.43813 -5.566968 4.628441

5.4668603 -5.332336 4.6092873

5.4908023 -5.346701 4.6140757

5.332785 -5.26051 4.5422497

5.2896895 -5.4759884 4.819977

4.98802 -5.8494835 4.714632

4.906617 -6.2277675 5.0019364

5.1268835 -6.6778774 5.030667

4.877887 -7.099257 4.958841

5.0406923 -7.1998134 4.934899

4.810849 -6.8598366 4.843919

4.8635216 -6.5581675 4.69069

4.6528316 -6.6778774 4.5518265

4.786907 -7.2237554 4.5422497

4.379893 -7.257274 4.9109564

4.2266636 -7.453599 5.035455

4.221875 -7.487118 5.1599536

4.049493 -7.525425 5.3275476

3.8675337 -7.755268 5.2940288

4.0447044 -7.9372277 4.8870144

3.9585133 -7.731326 5.150377

3.623325 -7.7361145 4.949264

3.3886933 -7.6786537 5.0402436

3.254618 -7.266851 4.8630724

3.541922 -7.5206366 4.4800005

3.3886933 -7.7504797 4.3076177

3.4222121 -7.5110598 4.8870144

3.2881367 -7.645135 4.6332293

3.0918121 -8.191013 4.843919

2.8619688 -8.056937 4.8774376

2.8380268 -8.310723 4.6140757

2.82845 -8.281993 4.2549453

2.7757776 -7.573309 4.642806

2.4262242 -7.8654013 4.523096

2.1437082 -8.133553 4.700267

2.105401 -8.296358 4.796035

2.009633 -8.655488 4.336348

1.9330186 -8.487894 4.3267713

2.1437082 -8.334665 4.3411365

2.0239983 -8.53099 4.130447

2.1484969 -8.449587 4.0873513

1.8564042 -8.487894 3.905392

1.8947114 -8.712949 3.6228762

1.9473838 -8.526201 3.8958151

1.2913725 -8.971522 3.608511

1.2674305 -9.239674 3.814412

1.0088568 -8.904485 3.8910267

1.0519524 -9.0337715 3.977218

1.0280104 -9.378537 3.608511

0.73112935 -9.292346 3.7186441

0.73591775 -9.196578 3.9197571

0.7933786 -9.110387 3.2972646

0.44861355 -9.392902 3.4840124

0.2570774 -9.34023 3.5079544

0.29538465 -9.5988035 3.503166

0.34326866 -9.617957 3.6372414

0.46776715 -9.814281 3.5845687

0.4055179 -9.914838 3.728221

0.19961657 -9.756821 3.8670847

0.18046296 -9.96751 3.967641

0.252289 -9.57965 4.0394673

0.30496144 -9.555708 3.6707602

0.19482817 -9.560496 3.5654151

0.28580782 -10.24045 3.7952585

0.1038485 -9.641899 3.680337

-0.116418056 -9.435998 3.776105

