-1.0453683 6.9164 6.634782

-0.78679454 7.1510315 6.4240923

-0.8538322 7.026533 6.481553

-0.80115974 7.15582 6.6299934

-1.0022727 7.0935707 6.61084

-0.8442554 7.012168 6.3857846

-0.82510173 7.2611647 6.433669

-1.0788871 7.3186255 6.529437

-1.361403 7.414394 6.304382

-1.6104 7.218069 6.2852283

-3.1809962 7.4191823 5.935675

-2.7883472 7.3760867 6.079327

-2.9703064 7.4431243 6.433669

-3.5305498 7.380875 6.3857846

-3.3390136 7.0217447 5.9404635

-3.520973 7.265953 5.5956984

-3.1235354 7.1270895 5.1216464

-2.146701 6.777536 5.3610663

-1.979107 7.596353 6.0218663

-1.73011 8.017733 5.519084

-2.5537155 7.107936 6.735338

-3.022979 6.882881 7.3674073

-1.5673043 4.8382325 7.3099465

-2.1754315 3.7129579 9.795128

-1.5577275 5.0632877 9.024195

-1.0453683 5.5133977 8.066514

-0.3510498 6.0113916 8.191013

-0.02064999 6.13589 7.242909

-0.09247604 6.025757 7.5685205

-0.044592008 5.9491425 7.4727526

0.4103063 5.599589 7.621193

0.11342531 5.9108353 8.042572

0.8173206 6.3657336 7.233332

1.2291234 6.475867 7.463176

0.43424833 6.4136176 7.827094

0.15173253 6.427983 7.611616

-0.24570495 6.7104983 7.7217493

-0.26007015 6.624307 7.5780973

-0.26964697 6.9978027 7.3243117

-0.07332243 6.9978027 6.9125094

-0.0062847794 6.8733044 6.8598366

-0.15472528 6.7871127 6.8981442

-0.5952584 6.696133 6.917298

-0.5090671 6.3513684 7.1902366

0.022445641 6.1071596 6.840683

-0.22655134 6.6530375 7.0561614

-0.2983774 7.15582 6.965182

-0.5856816 7.313837 7.0801034

-0.5952584 7.0792055 6.87899

-0.40372226 6.8302083 6.601263

-0.638354 6.70571 6.63957

0.46776715 6.791901 10.3074875

-0.7197569 6.8493624 6.7401266

-0.40372226 6.672191 7.1184106

