2.0910358 2.5254338 9.0816555

2.1341314 2.6307788 9.148694

2.0383635 2.6403556 9.139117

2.0048447 2.4823382 9.134329

2.0623055 2.5014918 9.158271

1.9042882 2.7600656 9.225308

1.937807 2.645144 9.153482

1.7366941 2.7552772 9.0337715

0.6593033 3.8757637 8.89012

0.9178771 4.613178 8.784775

0.8077438 5.1351137 8.712949

0.3576339 5.599589 8.392126

0.5443816 5.7384524 8.550143

-0.22655134 5.637896 8.516624

-0.4659715 5.8773165 8.526201

-0.6335656 6.102371 9.014618

-0.20739773 5.3458033 8.813505

0.6688801 4.0673 8.665065

0.07032967 3.4831145 9.6227455

-0.13557167 2.7265468 10.034548

-0.36541504 2.6595092 9.72809

-0.36541504 2.14715 10.767174

-0.6287772 1.2517185 10.704925

-0.6287772 0.24615386 10.585215

-0.7149685 0.33713353 11.284322

-0.27443537 1.2277765 10.800693

-0.087687634 2.2093992 10.585215

-0.087687634 2.8797758 10.053701

0.32411507 3.1287727 9.680206

0.60184246 4.5126214 8.775198

0.63057286 4.3929114 8.463952

0.8268974 4.2061634 8.29157

1.071106 4.2301054 8.449587

0.9849147 4.531775 8.243686

0.9849147 4.9531546 8.444798

0.9753379 4.948366 8.29157

0.7885902 4.9387894 8.3729725

0.9083003 4.7041574 8.114398

0.9944915 4.6466966 8.162283

1.0519524 4.857386 8.3490305

1.1716624 5.0584993 8.583662

0.73591775 4.87654 8.550143

0.73591775 4.7759833 8.923638

0.63536125 4.7759833 8.779986

0.6640917 4.723311 8.516624

1.3057377 5.5373397 7.587674

1.3057377 5.5373397 7.755268

0.7933786 5.3266497 8.080879

0.62578446 4.761618 8.58845

1.0423756 4.6227546 8.20059

-0.087687634 4.594024 7.942016

0.774225 5.068076 8.3203

0.7694366 4.919636 8.463952

0.7694366 4.919636 8.511836

0.7694366 4.957943 8.315512

0.9561843 4.895694 8.100033

0.8077438 4.833444 8.176648

0.6640917 5.020192 8.210167

0.8125322 5.1446905 8.329877

0.8125322 5.1446905 8.310723

0.83647424 5.35538 8.181437

0.8987235 5.3793225 8.191013

0.2427122 4.737676 7.9946885

0.37199908 5.0154037 8.631546

