-3.841796 -6.088904 7.1758714

-3.0564978 -6.318747 6.94124

-3.3964744 -5.844695 7.051373

-3.1091702 -5.844695 6.8981442

-3.1043818 -5.748927 6.9747586

-3.1379006 -5.6962547 6.965182

-3.1331122 -5.8015995 6.840683

-3.3581672 -5.868637 7.1184106

-3.094805 -5.6004868 7.051373

-2.8027124 -5.7058315 6.7161846

-2.7500398 -5.8111763 6.7257614

-1.208174 -6.8119526 7.065738

-0.19303252 -9.541343 7.7696333

-0.66229606 -10.369737 8.818294

-1.4763247 -10.518177 9.560496

-3.022979 -10.906037 10.532542

-3.4060512 -10.135105 11.1694

-3.7412395 -10.503812 11.202919

-4.67019 -9.953145 11.5812025

-6.030096 -6.687454 10.115952

-6.834548 -7.0322194 9.407268

-6.0444613 -7.233332 8.210167

-5.4746413 -7.439234 7.7696333

-4.267964 -5.92131 5.662736

-3.415628 -5.543026 6.366631

-2.5441387 -3.905392 4.934899

-0.7101801 -4.178331 5.2940288

0.573112 -3.4169748 4.958841

1.1572973 -3.814412 4.6571712

1.0567408 -3.4504936 4.1400237

1.8707694 -3.2876878 3.9724295

3.2450411 -3.2876878 4.508731

3.51798 -2.5981576 4.168754

3.4844613 -2.6891375 3.076998

3.6616323 -3.4265516 3.134459

4.858733 -3.3738792 3.43134

3.0726585 -3.6276646 2.363526

2.483685 -3.3690908 1.9708769

4.3751044 -3.8431427 2.1815667

1.9904795 -6.1415763 1.9756653

2.2203228 -7.314735 3.4648588

0.573112 -7.242909 2.8375778

0.20919338 -8.751256 2.9668648

-1.777994 -9.402479 4.3411365

-2.4579473 -9.929203 4.2788873

-2.3861213 -11.059266 5.0737624

-3.712509 -10.503812 6.586898

-4.3733087 -10.680983 2.353949

-5.6757545 -11.614721 10.2117195

-6.2599397 -9.7424555 5.2413564

-7.806594 -10.585215 7.5062714

-8.218396 -9.105598 6.088904

-8.031649 -8.655488 8.540566

-7.452252 -8.191013 6.199037

-8.476971 -7.812729 6.8598366

-7.639 -7.1040454 5.6340055

-7.7204027 -6.8598366 5.552603

-7.2415624 -6.946028 4.8056116

-7.117064 -6.9843354 4.748151

-5.862502 -6.553379 4.5757685

-5.6422358 -6.5964746 4.896591

-5.50816 -5.5621796 6.658724

-4.5648446 -4.6619596 5.629217

-4.8234186 -4.5997105 8.032995

-3.7843351 -3.029114 7.2764277

-3.6023757 -3.4888008 6.979547

-3.5592802 -5.1838956 7.362619

-3.2863412 -3.953276 7.1423526

-3.1283238 -3.6372414 6.96997

-3.2576108 -4.484789 7.2476974

-3.497031 -4.5518265 7.621193

-3.5975873 -4.724209 7.7696333

-3.6263177 -5.011513 7.7839985

-3.5975873 -4.5661917 7.7217493

-3.271976 -4.580557 7.942016

-3.7508163 -4.762516 7.8989205

-3.5544918 -4.336348 7.7504797

-3.6598365 -4.523096 7.965958

-3.6263177 -4.700267 7.7839985

-3.5353382 -4.3555017 8.028207

-3.664625 -4.2118497 7.5445786

-3.487454 -4.5757685 7.7983637

-3.271976 -4.5374613 8.214955

-3.6502597 -4.369867 7.7265377

-3.4252048 -4.523096 7.9468045

