-1.0070611 3.7608418 8.842236

-0.99269587 3.727323 8.732102

-0.839467 4.21574 8.123976

-1.2273277 2.9468133 9.546131

-0.89692783 3.7368999 9.110387

-1.0453683 3.8374565 9.124752

-1.2416929 3.7321115 8.880543

-0.9496002 4.105607 8.665065

-2.146701 4.4407954 8.315512

-3.0804398 4.641908 7.812729

-3.8082771 5.2883425 6.8933554

-4.3828855 5.4272065 6.5964746

-4.425981 6.327426 6.064962

-4.507384 6.269965 6.2756515

-5.3214126 5.7767596 7.0801034

-5.4267573 5.733664 7.4248686

-6.006154 3.7656302 8.660276

-5.010166 3.0090625 9.546131

-4.536114 3.3634045 9.93878

-3.3246484 4.1582794 9.005041

-2.003049 4.0002623 10.858153

-1.7732056 4.201375 10.096798

-1.8354548 3.392135 9.857377

-1.7109563 3.4256537 9.72809

-1.385345 3.6698623 8.281993

-1.4715363 4.091242 7.9084973

-1.3997102 4.819079 7.6738653

-1.7396868 4.7903485 7.3338885

-1.9982606 5.7384524 7.0944686

-2.1658547 5.781548 7.137564

-2.371756 5.5564933 7.2141786

-2.7356746 5.599589 7.4105034

-3.295918 5.8677397 6.979547

-3.7220857 5.68578 7.156718

-3.6358945 6.0592756 7.185448

-3.3868976 6.3896756 6.946028

-3.4347816 6.159832 7.1423526

-3.0134022 5.9156237 7.266851

-2.797924 5.8102784 6.673089

-3.0612862 5.3458033 6.8358946

-2.941576 5.7384524 6.831106

-3.2336686 5.843797 7.037008

-3.1618426 5.9635077 6.8598366

-2.9319992 5.767183 4.796035

-2.821866 6.2843304 6.7497034

-3.5353382 5.4894557 7.645135

