-1.2943653 2.894141 9.416844

-1.2464813 3.1622915 8.990676

-1.3278841 3.5070565 8.856601

-1.2943653 3.3107321 9.043348

-1.2560581 3.2915785 9.06729

-1.2512697 3.320309 9.000253

-1.2321161 3.1814451 9.086444

-1.2656349 3.1718683 8.82787

-1.2416929 3.0090625 9.134329

-1.2177508 3.071312 9.206155

-0.80115974 2.9851205 9.096021

-0.4563947 3.0425816 9.297134

0.00808043 2.8845642 9.661053

0.20440497 2.4153006 10.144682

0.7885902 2.1375732 10.47987

0.6880337 1.754501 10.551696

0.73112935 1.6395793 10.197354

0.76464814 1.7880198 10.245238

0.6880337 1.3714286 10.384102

1.023222 1.4959271 10.273969

0.42467153 1.4193127 10.278757

-0.38935706 1.5198692 10.230873

-1.73011 2.1567268 9.373749

-2.017414 2.3674166 8.727314

-2.1275475 2.8606222 8.29157

-2.275988 3.6411319 7.965958

-2.285565 4.579659 7.6882305

-2.7644053 4.450372 7.788787

-2.9080572 4.436007 7.9468045

-3.544915 4.900482 7.860613

-3.937564 5.293131 7.429657

-3.568857 5.0824413 7.453599

-3.1043818 5.11596 7.53979

-2.9463644 5.331438 7.7696333

-3.1283238 4.8478093 7.20939

-3.6550481 4.9675198 8.128764

-4.2631755 4.8909054 8.272416

-3.9423523 4.8478093 7.4727526

-3.841796 4.7664065 8.736891

-3.0134022 4.2205286 8.334665

-1.385345 2.5924716 8.564508

-2.156278 3.1479263 8.971522

-3.3868976 2.5637412 9.105598

-2.9846716 2.2716484 8.703372

-2.4866776 2.3530514 8.928427

-2.0222025 2.3817818 9.12954

-2.1179707 2.9946973 8.602816

-1.6965911 2.5781064 8.813505

-1.6534956 2.3769934 8.971522

-1.2895769 2.2812252 9.134329

-2.074875 2.4153006 9.24925

-2.5058312 2.6499324 9.656264

-2.7691936 2.5685296 9.19179

-2.309507 2.6355672 9.000253

-2.108394 2.7887962 9.325865

-1.8641853 2.8893526 9.297134

-2.0413563 2.9037178 9.354595

-2.29993 2.7552772 9.330653

-2.170643 2.5637412 9.297134

-2.1419127 2.669086 8.803928

-2.003049 2.6547208 8.775198

-1.9455881 2.8318918 8.909273

-2.1371243 2.9276597 9.0337715

-1.8929157 2.9276597 9.531766

