0.9466075 4.5605054 8.813505

0.6736685 4.9675198 8.191013

0.5443816 5.0106153 7.8893437

0.774225 4.866963 8.143129

0.27623102 4.6227546 8.186225

0.33369187 4.9292126 8.004265

0.45819035 5.125537 8.229321

0.525228 4.7759833 7.9228625

0.47734398 4.857386 7.9372277

0.573112 5.125537 8.243686

0.60663086 5.005827 8.210167

0.8795698 5.1446905 8.028207

0.9705495 4.957943 8.262839

1.2291234 4.330662 8.286781

1.166874 3.85661 8.3969145

1.415871 3.0425816 8.712949

1.6217724 3.2101755 8.3969145

1.1285669 3.5549407 8.46874

0.9753379 3.8901289 8.502259

0.6784569 3.6507087 8.3011465

0.6545149 3.5405755 8.20059

-0.12120646 3.3107321 8.756044

-0.5090671 3.296367 8.837447

-0.9304466 3.6602855 9.024195

-1.5481507 3.679439 9.45994

-1.4188638 4.895694 9.603592

-1.2416929 4.8142905 9.301923

-1.1794436 4.0289927 9.364172

-1.3997102 3.5405755 8.82787

-1.7732056 3.703381 9.100809

-1.8785505 3.5070565 9.06729

-1.8546085 3.9715316 8.94758

-1.825878 4.043358 9.36896

-1.8306664 3.7895725 9.330653

-1.5242087 3.7560534 9.349807

-1.5002667 3.095254 9.426421

-1.5385739 3.0808887 8.976311

-1.5146319 2.8414686 9.282769

-1.7636288 2.7887962 9.105598

-1.4763247 2.7696424 9.043348

-1.3135189 3.0569468 9.22052

-1.4667478 2.123208 8.866178

-1.3518262 2.1758804 8.856601

-1.184232 1.826327 8.79914

-1.208174 1.5677532 8.526201

-0.99748427 1.8071734 8.444798

-1.4044986 1.0362405 8.818294

-1.184232 1.12722 8.808717

-1.112406 1.5485996 8.53099

-0.38935706 1.328333 9.483882

-0.59047 1.969979 9.325865

-0.4516063 1.3235446 9.761609

-0.9591771 1.0745476 10.14947

-0.8729858 0.7154174 9.641899

-0.66229606 0.734571 9.632322

-0.5090671 0.44726682 8.899696

-0.293589 0.53824645 8.535778

-0.26485857 0.7872434 8.837447

-0.13078327 0.22221185 8.574085

-0.14036007 0.34192193 9.028983

-0.3079542 -0.036361936 9.105598

-0.25528175 0.2605191 9.445575

-0.6096236 0.28924948 9.483882

-0.67187285 0.3036147 9.388114

-0.22176293 -0.13691841 9.55092

0.0032920274 0.0067336923 9.57965

-0.24091655 -0.21353287 9.804705

-0.26485857 -0.06988076 9.924415

-0.614412 0.11686697 10.293122

-0.5090671 0.054617725 10.858153

-0.56173956 -0.5008371 11.159823

-0.6431424 -0.6157588 10.9682865

-0.7101801 -0.16564883 10.795904

-0.4516063 -0.70195 10.542119

-0.43724108 -0.24226329 10.585215

-0.1738789 -0.012419921 10.36016

-0.36541504 0.63401455 10.422409

-0.7436989 0.5669769 10.503812

-0.49470192 0.4233248 10.393679

-0.7101801 -0.012419921 10.896461

-1.0214263 0.06898294 10.704925

-0.8490438 0.27488428 10.609157

-0.70060325 0.13602059 10.115952

-0.911293 0.28446108 9.943568

-0.9783307 1.4049475 9.000253

-1.409287 1.4193127 9.704148

-0.8538322 0.461632 9.34023

-0.9448118 0.10250176 9.732879

-1.0980407 -0.41464582 9.785551

-1.0884639 0.27967268 9.000253

-1.0166379 0.2605191 9.512612

-0.8442554 0.17911622 9.651476

-0.98790747 0.51430446 9.6706295

-1.0357915 0.51430446 9.589227

-1.0788871 0.1743278 9.574862

-1.3135189 -0.37155017 9.704148

-2.3190837 0.3084031 10.556484

