-6.6861076 -2.5359085 6.6539354

-6.470629 -2.5119665 6.658724

-6.513725 -2.3683145 6.5342255

-6.4275336 -2.3252187 6.6443586

-6.5328784 -2.2246623 6.61084

-6.518513 -1.9517233 6.539014

-6.446687 -2.2964883 6.6204166

-6.580763 -2.1767783 6.6683006

-6.5903397 -2.1576247 6.682666

-6.552032 -2.2150855 6.855048

-6.312612 -2.2150855 6.7401266

-6.054038 -2.186355 6.706608

-5.9391165 -2.5167549 6.601263

-5.8289833 -2.306065 6.993912

-5.3597198 -3.302053 8.205379

-4.8713026 -3.8479311 8.976311

-4.885668 -4.5422497 10.2356615

-6.1114993 -5.3131824 10.604368

-7.2319856 -5.6244287 10.575638

-7.5623856 -5.3993735 10.9922285

-7.7539215 -5.284452 10.695348

-6.705261 -4.3985972 11.667394

-10.272622 -2.8232126 13.645004

-10.445004 -1.2095208 12.653805

-11.091438 0.025887307 11.949909

-10.416274 1.529446 10.518177

-8.788217 1.2421417 9.493459

-9.343672 1.8406922 9.014618

-6.8776436 3.9140708 6.031443

-5.412392 3.6124015 5.8638487

-3.6981437 4.1343374 4.144812

-3.2528224 3.6842275 4.274099

-2.1850083 4.30672 3.1392474

-0.6000468 3.8901289 3.0626328

0.74070615 3.238906 4.5614033

2.3400328 4.3019314 3.527108

2.0766706 4.7089458 4.1400237

1.9761143 4.737676 3.6899137

3.005621 3.7799957 3.6372414

3.4892497 3.727323 4.1160817

3.8675337 2.5924716 4.312406

3.340809 1.9220951 3.9724295

3.0726585 1.4959271 4.288464

2.8236616 0.54782325 4.848707

1.5595231 -0.41943422 5.878214

0.9609727 -0.41943422 7.362619

0.1086369 -0.09861118 7.8654013

1.7654245 1.0362405 6.270863

-1.208174 -1.1233295 9.158271

-1.754052 -0.32845455 7.439234

-4.6031523 1.0841244 11.423185

-4.7276506 3.0042741 8.875754

-4.7276506 1.7736546 7.3291

-7.7156143 0.2605191 9.210943

-7.2798696 1.4193127 7.3003697

-7.9454575 1.1320084 7.693019

-9.0515785 0.3036147 7.716961

-10.416274 0.8207623 7.305158

-11.072285 -0.4385878 5.9787707

-11.215937 0.011522096 7.6403465

-12.623728 1.4911387 6.318747

-12.561479 0.96441436 6.9268746

-14.017153 0.7872434 7.2285438

-13.811252 1.0697592 6.433669

-12.322059 0.74893624 5.581333

-12.360366 -1.2095208 5.6723127

-11.680412 -1.022773 4.9540524

-11.0818615 2.7217584 3.7904701

-9.396344 3.6028247 3.0865748

-8.682872 0.52388126 4.082563

-7.773075 1.9364603 4.4704237

-7.4618287 1.3666402 5.1216464

-6.52809 0.040252518 5.045032

-5.5895634 0.40895957 6.49113

-5.3692966 -0.37633857 6.5246487

-5.436334 -0.79292965 7.1184106

-5.302259 0.03546411 6.744915

-5.493795 -1.1281179 7.39135

-5.632659 -1.0515034 7.7744217

-5.5799866 -1.0371382 7.7600565

-5.4794297 -1.1185411 7.927651

-5.8816557 -0.8456021 7.9132857

-5.766734 -0.7306804 7.8989205

-5.7236385 -0.6875848 7.836671

-5.8050413 -0.6253356 7.716961

-5.9486933 -0.725892 7.5924625

-5.364508 -0.2757821 8.186225

-6.0253077 -0.5870283 7.7935753

-6.1162877 -0.77856445 8.095244

