-1.2608465 1.0601825 9.6706295

-1.2943653 1.0841244 9.321076

-1.4044986 2.14715 8.82787

-1.2800001 1.2325649 9.239674

-1.2752117 1.0027215 9.383326

-1.5242087 1.055394 9.713725

-1.409287 1.0362405 9.574862

-1.385345 1.3905823 9.627534

-1.3422493 1.4049475 9.426421

-1.1555016 1.2660838 9.651476

-1.1698668 1.3666402 10.302699

-1.6199768 1.3905823 11.14067

-1.754052 1.5581764 11.954698

-2.06051 3.535787 14.942661

-2.845808 0.6771102 14.459033

-2.4579473 -0.99883103 12.893225

-2.170643 -1.7745523 11.313052

-1.2560581 -1.2813468 9.287558

-2.06051 0.4568436 9.378537

-1.5337855 1.3857939 7.7504797

-1.4188638 1.3235446 6.5581675

-0.55216277 1.2517185 5.9404635

-0.9304466 1.2373533 6.6204166

-1.0788871 1.304391 6.807164

-0.9543887 1.5964836 6.9843354

-0.9687539 2.290802 7.6259813

-0.9160814 2.1088428 7.951593

-1.0884639 2.6499324 8.775198

-1.2560581 3.2915785 9.206155

-5.3788733 5.5325513 7.4105034

-1.7444752 2.8558338 9.110387

-0.9304466 2.6786628 8.837447

-0.7245453 2.5014918 8.861389

-0.8538322 2.71697 9.268404

-1.3230957 3.5405755 9.799916

-1.4428058 3.3298857 9.60838

-1.2847885 2.7073932 9.45994

-0.9304466 2.7457004 9.225308

-0.9831191 2.5110686 8.818294

-1.1219828 2.5206454 8.847024

-1.3422493 3.0761003 9.062502

-0.9496002 3.2197523 9.005041

-0.9783307 3.0282161 9.187001

-1.6247652 3.2197523 9.230097

