9.642348 -1.3723265 2.2390275

9.604041 -1.0036194 2.17199

9.383775 -1.0850223 2.3778913

9.503485 -0.91263974 2.1767783

9.5848875 -0.9413702 2.1097405

9.733328 -1.0515034 2.2773347

9.541792 -1.3148656 2.5646389

9.388563 -1.2095208 2.7705402

9.407717 -1.0179846 2.612523

9.556157 -0.78814125 2.6412535

9.599253 -0.5678747 2.3347955

9.541792 -0.5774515 2.3108535

9.809942 -0.6923732 2.1911435

9.551369 -0.9222166 2.2917

9.465178 -1.0562918 2.4257753

9.479543 -0.76419926 2.555062

9.522638 -0.15128362 2.933346

9.498696 0.04504092 3.6180878

9.21618 1.601272 4.5853453

8.751705 2.0322282 4.872649

9.134777 1.6300025 4.7337856

9.661502 1.3331214 4.0634093

9.000702 -0.32845455 3.359514

9.388563 -0.13691841 3.0674212

9.604041 0.049829323 3.1440358

9.225757 -0.29493573 2.8471546

8.775647 0.24615386 3.383456

9.048586 0.45205522 3.325995

9.149142 0.7920318 3.2158618

9.532215 0.33234513 3.0913632

9.671079 -1.3292309 2.2246623

10.523415 -1.697938 3.0243256

10.858603 -1.9325697 3.3882444

10.221745 -2.6747723 2.8375778

9.168296 -3.2685342 3.5606267

8.837896 -3.3499372 3.2206502

8.550592 -2.5885808 2.7370214

8.73734 -3.0578444 2.8998272

8.852262 -1.9900305 2.9908068

8.718186 -2.5742157 3.1153054

9.077316 -2.2294507 2.7609634

9.5609455 -1.84159 2.7896938

9.977536 -1.9038392 2.6939259

9.594464 -1.4441526 3.0386908

9.378986 -1.2574048 2.9955952

8.866627 -1.8751088 2.780117

9.101258 -2.0235493 2.8710968

9.446024 -1.8990508 2.5406969

9.6806555 -1.5830163 2.330007

9.383775 -1.5782279 2.5215433

9.082105 -1.2382512 3.0626328

9.0198555 -1.8368016 3.0817864

9.034221 -0.8503905 0.33324295

9.316736 -1.223886 3.3690908

8.392574 -1.6021699 3.6228762

