-0.1643021 2.9276597 9.435998

0.14215572 2.8558338 9.0816555

0.19961657 2.6547208 9.182213

0.18525136 2.7792192 9.364172

0.00808043 2.7073932 9.321076

-0.13557167 2.7504888 9.134329

-0.06374562 2.5685296 9.354595

-0.1690905 2.6642976 9.258827

-0.025438393 2.6786628 9.225308

-0.116418056 2.9276597 9.153482

-0.015861586 3.2005987 8.459164

0.13736732 3.2436943 7.5780973

0.11342531 2.9851205 7.113622

-0.0398036 3.0090625 7.2476974

-0.3366846 2.5014918 7.491906

-0.3079542 2.444031 7.290793

-0.07332243 1.6395793 7.405715

-0.058957215 1.4432547 7.132776

-0.8825626 1.0697592 6.529437

-1.3230957 0.95483756 6.3091702

-1.1267712 1.256507 6.055385

-0.55216277 0.34192193 6.9508166

-0.7197569 -0.74983406 8.602816

-0.7053917 -0.4002806 9.570073

-1.634342 -1.0371382 10.446351

-2.9798832 -1.295712 12.045678

-5.647024 -2.3204303 14.971392

-5.766734 0.03546411 13.534871

-4.4307694 0.97877955 12.754361

-4.464288 0.84949267 12.739996

-3.76997 0.51909286 10.929979

-3.5880105 0.92131877 10.858153

-3.3485904 0.21263504 10.221296

-3.497031 -0.31887773 9.957933

-3.6550481 0.06898294 9.680206

-3.712509 -0.065092355 9.196578

-3.4347816 -0.09382278 9.34023

-3.1235354 -0.49604866 9.163059

-2.9272108 -0.98446584 9.153482

-3.1139586 -1.3100772 9.072079

-3.1474774 -0.8360253 9.115175

-3.0660746 -1.27177 9.254039

-3.1618426 -0.7354688 9.028983

-3.0660746 -1.0562918 9.062502

-3.343802 -0.8551789 9.187001

-3.3102832 -0.5966051 8.784775

-3.4778771 -1.4058453 9.230097

-3.190573 -0.5918167 8.837447

-3.0995934 -0.74504566 8.966734

-2.9559412 -1.0754455 9.124752

-2.6638486 -0.7306804 8.894908

-2.8984804 -0.48647186 9.0816555

-3.0564978 -0.6349124 9.143906

-3.070863 -0.8264485 9.196578

-2.9511528 -0.6061819 9.028983

-2.965518 -0.32845455 9.196578

-2.9463644 -0.4385878 9.0816555

-2.9080572 -0.55829793 9.119964

-2.8314428 -0.7211036 8.966734

-2.8410196 -0.6061819 9.048137

-2.9559412 -0.46731824 9.110387

-2.4627357 -0.76898766 8.564508

