2.8476036 6.499809 6.9125094

2.6895864 7.0313215 6.706608

2.7278936 6.418406 7.362619

3.0104094 6.562058 6.6683006

2.9673138 6.5572696 6.5916862

2.933795 6.4950204 6.4767647

2.9864674 6.3370028 6.87899

2.9673138 6.4471364 6.7018194

3.479673 6.293907 6.184672

3.1780035 6.4231944 6.6539354

2.7709892 6.6051536 6.5007067

2.8428152 6.6674027 6.3857846

2.6943748 6.7248635 6.4480343

2.9721022 6.720075 6.2852283

2.7709892 6.9834375 6.151153

3.3360207 7.4335475 5.3371243

3.0822353 7.4814315 5.543026

3.3360207 7.48622 4.997148

4.2458177 8.046463 4.7673044

3.704728 8.630649 3.8096237

3.5850177 8.156596 4.3890204

3.5850177 8.161385 4.1352353

3.671209 8.568399 3.5462615

3.72867 8.012944 4.010737

3.8052843 7.5532575 4.0394673

3.7621887 8.166173 4.1879077

3.7765539 8.075193 4.106505

4.20751 8.309825 4.547038

4.0303392 8.190115 4.8630724

4.150049 8.027309 5.2317796

3.96809 7.510162 5.38022

4.355951 6.5668464 5.557391

4.049493 6.499809 5.4520464

4.150049 5.671415 5.226991

4.073435 5.56607 5.3275476

3.9633017 5.7528176 4.8056116

3.5850177 5.882105 4.6475945

3.1636384 5.819855 4.5374613

3.3551743 5.858163 3.967641

2.4214358 6.102371 4.096928

2.1149778 6.159832 3.7473745

1.0615292 6.2843304 3.800047

0.21398178 6.126313 4.3267713

-1.3039421 7.5436807 3.6180878

-2.0557215 9.095123 3.7377977

-2.893692 9.138219 4.202273

-3.0756514 8.060828 3.6899137

-4.612729 8.376863 3.076998

-4.6893435 8.257153 2.2486043

-4.962282 8.812608 2.3156419

-5.6278706 8.9897785 1.5016134

-6.360496 9.032874 1.6739959

-6.753145 9.73677 1.5590742

-7.380426 9.334543 1.5878047

-6.9255276 9.6745205 1.199944

-6.868067 9.679309 0.98446584

-6.85849 9.875633 -0.13602059

-6.6478004 7.926753 -0.0067336923

-7.016507 8.731205 0.49604866

-6.7675104 8.846127 -0.09292495

-6.915951 7.0935707 -0.4185364

-6.5903397 6.892458 -0.6914754

-6.0013657 5.709722 0.6157588

-5.6518126 5.795913 0.1273416

-6.063615 3.7799957 1.4537294

-5.4028153 4.3641806 2.9141924

-5.71885 4.0146275 2.373103

-6.5663977 3.0425816 2.579004

-5.967847 2.7887962 2.1911435

-7.868843 1.5821184 2.0522797

-9.214384 1.3618518 1.9565117

-8.510489 2.2812252 3.6372414

-10.502465 3.7560534 2.9908068

-11.249456 3.238906 3.608511

-10.449793 2.26686 4.872649

-11.302129 1.0122985 4.2836757

-11.148899 1.6395793 5.5621796

-10.181642 1.7592894 6.2900167

-11.000459 2.6259904 5.8590603

-11.124957 3.3873465 4.3507133

-11.38832 2.8079498 4.556615

-11.50803 2.8606222 4.1400237

-12.053907 2.3530514 4.4656353

-11.565491 1.9125183 4.216638

-10.923844 1.4959271 4.2836757

-11.024401 0.8063971 3.977218

-10.617387 1.2421417 3.6994905

-10.421062 1.4145243 3.7713165

-10.229526 2.5685296 3.656395

-9.745897 2.2333412 2.780117

-9.358037 1.5102924 2.0091841

-9.425075 2.0657473 2.5167549

-9.726744 1.0937012 1.3005004

-8.692449 1.3810055 0.11776479

-9.286211 2.4105122 0.64448917

-9.779416 1.6060604 0.8503905

-9.252691 1.3474866 1.7123032

-9.271846 1.6491561 1.5255554

-9.314941 1.6347909 1.9948189

-9.401133 1.4480431 1.4633062

-9.611822 1.6204256 1.7314568

-9.55915 1.802385 1.520767

-9.506477 1.8837879 1.4106337

-9.391556 1.7640778 1.3914801

-9.161712 1.7928082 1.472883

-9.46817 1.5916952 1.4106337

-9.243114 2.2237644 1.9900305

