-6.753145 -0.76898766 6.8598366

-6.6094933 -0.2757821 6.577321

-6.6334352 -0.45774144 6.9125094

-6.604705 -0.65885437 6.840683

-6.40838 -0.34760815 6.831106

-6.398803 -0.56308633 6.649147

-6.3509192 -0.4433762 6.802376

-6.513725 -0.35718498 6.61084

-6.6094933 -0.66843116 7.075315

-6.470629 -0.37633857 6.9268746

-6.0492496 -0.16564883 6.127211

-5.3597198 0.2988263 5.1216464

-4.804265 5.647473 0.3907038

-8.113051 -0.43379942 0.43379942

-9.899126 0.983568 3.3451488

-13.222279 1.2708722 4.69069

-13.926173 3.2005987 9.024195

-14.534301 2.5350106 8.526201

-15.439309 0.05940613 11.681759

-16.593313 0.054617725 11.538107

-17.62761 -2.3012767 9.450363

-17.139193 -3.479224 8.406491

-16.358683 -3.977218 8.736891

-16.143204 -3.9245455 7.376984

-13.863924 -4.7194204 5.2174144

-11.632528 -4.24058 3.752163

-10.670059 -3.752163 4.0394673

-8.046014 -3.6516066 3.206285

-4.8473606 -1.247828 4.8151884

-4.3828855 -2.7849054 6.1080575

-4.0907927 -3.776105 5.8830023

-2.941576 -4.24058 4.3315597

-1.0597335 -0.950947 2.7465982

-0.49470192 0.8016087 2.148048

0.6640917 0.85428107 1.697938

1.7510593 1.7688662 1.2286744

0.85562783 -1.5111902 3.3212066

-1.9503765 -0.5918167 2.8998272

-1.0357915 2.0657473 0.20395605

-2.9846716 6.341791 4.5518265

-1.0597335 3.7991493 3.5079544

-5.26874 5.068076 6.357054

-4.7132854 5.8629513 2.7753286

-5.9008093 4.7568297 6.4240923

-7.1362176 1.7161937 6.064962

-10.717943 2.4344542 9.637111

-9.372402 2.5541644 9.005041

-11.469723 0.13123219 11.6290865

-9.630976 -1.0850223 7.927651

-13.432968 -4.384232 14.210036

-12.64767 -3.6372414 11.997793

-10.617387 -4.7577276 10.618733

-9.702802 -4.872649 9.780763

-8.4386635 -3.4935892 9.823858

-8.180089 -3.527108 9.799916

-7.9119387 -4.523096 7.8893437

-7.164948 -3.359514 9.69936

-6.3174005 -4.6859016 7.836671

-5.4315457 -4.288464 7.6068277

-5.9486933 -2.9764416 8.621969

-5.493795 -3.1440358 6.907721

-5.350143 -1.9086276 7.693019

-4.981436 -1.7027264 7.171083

-4.8090534 -1.9900305 7.0082774

-5.5129485 -1.2143092 7.501483

-5.670966 -2.104952 7.6307697

-5.50816 -1.7123032 7.7983637

-5.632659 -0.974889 7.7696333

-5.6278706 -1.5351322 7.53979

-5.532102 -1.3723265 7.549367

-5.5033717 -1.1185411 7.9803233

-6.1354413 -0.13213001 8.392126

-5.2495866 -0.17043723 7.9084973

-5.3788733 -0.8264485 8.066514

-5.594352 -0.75462246 7.803152

-5.5751977 -0.5104139 7.764845

-5.6613894 -0.46252984 7.8079405

-5.5368905 -0.36197338 7.851036

-5.594352 -0.012419921 7.7935753

-5.6757545 -0.2805705 7.740903

-5.292682 0.50951606 8.454375

-5.4794297 -0.24705169 7.999477

-5.5512557 -0.19437926 8.090456

-5.752369 -0.10339958 8.037784

