-3.3629556 0.8638579 8.966734

-3.4299932 0.67232174 8.823082

-3.2240918 0.5957073 8.976311

-3.3246484 0.8255507 8.837447

-3.2336686 0.734571 9.000253

-3.2863412 0.95962596 8.885331

-3.2863412 0.7968203 8.689007

-3.4443583 1.0170869 8.602816

-3.4252048 1.2038345 8.416068

-3.3246484 1.0601825 8.310723

-3.2767644 1.4959271 8.100033

-3.2767644 2.0801125 8.641123

-4.90961 2.8175266 9.445575

-4.90961 4.258836 9.656264

-5.2831054 4.143914 9.752032

-5.3692966 1.9604023 11.020959

-5.1538186 2.4344542 11.068844

-5.1538186 2.0609589 11.600356

-5.3692966 1.2325649 12.174965

-4.8234186 2.4727614 11.107151

-4.708497 1.9077299 10.264392

-4.2727523 1.6778865 9.732879

-3.5832222 1.9604023 9.0816555

-3.5832222 2.4009354 9.12954

-2.3142953 2.1040545 9.158271

-2.3142953 2.1663036 8.406491

-1.6199768 2.3147442 8.521413

-0.76764095 1.1703157 8.693795

-0.68144965 1.6778865 8.607604

-0.40851066 1.6539445 8.2772045

-0.4516063 1.4959271 8.521413

0.2570774 2.8366802 7.4105034

0.2570774 2.8366802 7.123199

0.822109 2.846257 6.855048

0.822109 2.846257 6.1463647

1.023222 3.382558 5.9260983

0.9226655 3.9811084 5.758504

1.3153145 2.7073932 6.007501

-0.43245268 4.201375 6.917298

-0.43245268 4.201375 6.481553

-0.82510173 3.808726 7.1902366

-1.4667478 4.2301054 7.2285438

-1.0357915 3.8901289 7.362619

-2.2233155 4.7759833 8.238897

-2.4962544 4.4886794 7.491906

-2.1514895 3.2436943 7.764845

-2.7452514 5.245247 7.2476974

-2.8505964 4.354604 7.5062714

-3.793912 3.784784 8.928427

-4.57921 4.2923546 8.473529

-4.0668507 5.2308817 8.789563

-5.532102 3.320309 9.613169

-4.9766474 3.4112885 10.350583

-4.957494 3.214964 10.293122

-4.81863 2.7552772 10.38889

-4.7372274 2.6259904 10.024971

-3.7891235 2.6307788 9.890896

-3.6454713 2.3434746 10.087221

-3.6454713 1.9268835 9.924415

-3.6550481 1.1559505 9.330653

-3.6550481 1.1942577 9.531766

-3.3964744 1.0218753 9.115175

-3.190573 1.8550574 9.172636

-3.190573 2.1279964 8.880543

-3.2240918 1.9173067 8.894908

-3.391686 2.0465934 8.760833

-3.4347816 2.0561705 8.6507

-3.4012628 1.5438112 8.732102

-3.4778771 2.0944777 8.478317

-3.9184103 2.4248774 8.636334

-3.568857 2.0657473 8.554932

-3.9231987 2.444031 8.41128

