-1.7636288 -0.91742814 9.603592

-1.4619594 -0.3954922 9.464728

-1.6918027 -0.47689506 9.661053

-1.7923592 -0.7306804 9.498247

-1.6870143 -0.3907038 9.43121

-1.9216461 -0.36197338 9.756821

-1.7061679 -0.3859154 9.531766

-1.5912462 -0.35718498 9.483882

-1.5433623 -0.48647186 9.440786

-1.3230957 -0.021996727 9.153482

-1.8593969 -0.20395605 9.589227

-1.6918027 0.07377134 9.412056

-1.3997102 0.53824645 10.24045

-1.682226 -0.036361936 11.303475

-1.2512697 1.1942577 12.141446

-1.4906899 1.1559505 12.749573

-1.8593969 0.50472766 12.45748

-1.4715363 1.6539445 12.390443

-1.5816694 1.4767735 11.475858

-1.6534956 0.54782325 11.921179

-2.6015995 0.61486095 12.739996

-2.8889036 -0.3954922 11.954698

-2.3861213 -1.3148656 9.215732

-1.9120693 -2.4066217 8.296358

-0.39893386 -2.5646389 6.1894603

0.74070615 -1.9229928 4.6571712

2.1580737 -3.9341223 5.557391

2.684798 -3.4600704 6.4480343

4.308067 -3.6468182 7.621193

3.3120787 -4.5997105 8.813505

-0.3079542 -2.042703 10.053701

-1.1698668 -0.8503905 9.651476

-2.5680807 -0.13691841 9.148694

-1.9551649 0.7728782 8.861389

-2.8027124 2.5014918 9.163059

-3.0277674 4.153491 8.454375

-2.797924 4.4407954 8.229321

-3.2049382 4.4886794 7.501483

-0.90650463 2.549376 4.5901337

-0.78200614 2.2524948 5.1455884

0.07511808 1.0362405 5.054609

-0.293589 -1.2143092 6.6204166

-0.68623805 0.63880295 6.711396

-1.3087305 -1.1041759 8.55972

-0.90171623 -1.3819033 9.330653

0.20919338 -3.3355718 10.767174

-1.3422493 -5.662736 14.023289

-2.2376807 -5.614852 14.061596

-3.9567175 -4.882226 13.348124

-3.9902365 -3.574992 11.88766

-4.3589435 -2.8232126 9.536554

-4.890456 -2.3443723 9.225308

-5.192126 -1.8703204 8.933215

-4.9048214 -3.8479311 9.043348

-2.797924 -5.116858 8.425645

-1.208174 -8.071302 8.377761

-1.0118495 -8.952369 8.272416

0.12779051 -7.5685205 7.429657

-0.59047 -6.720973 8.368184

-1.0405799 -6.5246487 8.607604

-1.9982606 -5.782446 8.909273

-2.8027124 -5.116858 8.957157

-3.5736454 -4.4129624 8.655488

-3.4730887 -3.4744356 8.262839

-2.9798832 -2.5406969 8.023418

-2.9319992 -2.8567317 7.942016

-2.6734254 -2.4257753 8.143129

-2.8170776 -2.7178679 8.554932

-3.070863 -3.967641 8.641123

-2.9559412 -3.2972646 8.938004

-3.1379006 -2.373103 8.861389

-3.0995934 -3.134459 8.966734

-2.893692 -3.0195372 8.904485

-2.941576 -2.6460419 8.224532

-3.0325558 -3.053056 8.535778

-3.0277674 -2.353949 8.756044

-2.9367876 -2.6173115 8.933215

-3.142689 -3.359514 8.847024

-3.2336686 -2.2725463 8.899696

-3.238457 -2.4161985 8.952369

-3.31986 -2.7705402 8.660276

-2.9511528 -2.7705402 8.760833

-3.4683003 -2.8375778 8.961946

-3.1331122 -2.6173115 9.086444

