-7.8018055 1.0841244 5.5717564

-7.773075 1.0841244 5.404162

-7.6485767 1.0745476 5.485565

-7.9454575 0.8255507 5.7058315

-7.6006927 0.97877955 5.748927

-7.591116 1.0122985 5.806388

-7.7443447 0.67232174 5.7154083

-7.892785 0.8207623 6.2181907

-7.797017 0.8016087 6.04102

-7.2319856 1.0122985 6.1080575

-7.0212955 1.00751 5.8830023

-7.3516955 1.0458173 6.0362315

-7.2415624 0.94526076 5.9069443

-7.1697364 1.1511621 5.9308867

-7.1362176 0.95483756 5.945252

-7.102699 1.3139678 6.1894603

-7.2319856 1.3714286 5.83033

-7.332542 1.2660838 6.2421327

-7.198467 1.2708722 6.2134023

-7.18889 1.2181997 6.0458083

-7.2559276 1.304391 6.1415763

-7.260716 1.1320084 6.294805

-7.203255 1.2134113 6.1655183

-7.2176204 1.1990461 6.2421327

-7.418733 1.2086229 6.2181907

-7.251139 1.2708722 6.1559415

-7.3516955 1.3618518 6.467188

-7.260716 1.4145243 6.5581675

-7.251139 1.5629648 6.63957

-7.6246347 2.3626282 7.836671

-7.8592663 2.4631846 8.152706

-7.892785 2.621202 8.296358

-8.084321 2.5206454 9.187001

-7.452252 2.894141 8.463952

-7.3852143 3.392135 8.89012

-7.251139 2.645144 8.550143

-7.083545 2.7840075 8.248474

-6.8393364 3.808726 8.29157

-6.824971 3.262848 8.205379

-6.537667 3.607613 8.545355

-6.063615 4.531775 8.037784

-5.292682 4.2205286 7.487118

-4.531326 5.0106153 6.8215294

-3.927987 5.307496 6.586898

-3.5784338 4.9531546 6.5342255

-2.5201967 5.3266497 6.4623995

-2.4483705 5.1686325 6.318747

-1.9264345 5.197363 5.6675243

-1.1698668 5.5229745 5.6196404

-0.5090671 5.551705 5.935675

0.0032920274 5.791125 6.1319995

-0.26485857 5.4894557 6.6204166

0.055964466 5.221305 6.390573

0.9801263 4.6466966 6.2900167

1.4781203 4.9292126 6.3139586

1.415871 4.66585 6.8215294

1.4446014 4.957943 6.6156282

0.85562783 5.6522613 7.161506

0.6497265 5.408053 6.8598366

0.8891467 5.637896 6.8981442

0.51565117 6.480655 7.362619

0.23313539 7.0408983 7.051373

0.14694414 7.227646 7.0322194

0.23313539 7.098359 6.783222

0.07990648 6.6290956 6.3091702

0.33848026 6.538116 6.1655183

-0.102052845 7.4574895 5.8877907

-0.39893386 7.7352166 5.983559

-0.4659715 7.840562 5.820753

-0.59047 8.108712 5.236568

-0.7341221 7.581988 5.006725

-0.3127426 7.5197387 4.819977

-0.23133974 7.811831 4.6811132

-0.20739773 7.1414547 4.4704237

-0.25049335 6.892458 4.594922

-0.3031658 6.2508116 4.580557

-0.7580641 5.5612817 4.6954784

-1.5720927 5.0728645 5.1120696

-1.3997102 5.5564933 4.9253216

-1.2847885 6.13589 5.4664116

-1.8115128 4.886117 5.9165215

-2.5297735 5.259612 6.5677443

-2.9511528 5.3505917 6.352266

-3.6789901 5.1351137 6.673089

-4.555268 5.843797 6.706608

-4.0381203 4.7999253 7.9899

-4.0189667 4.7185225 8.052149

-4.315848 3.5788827 8.741679

-5.1633954 2.870199 8.861389

-6.039673 3.3298857 9.335442

-7.4857707 3.1335611 9.871742

-6.643012 0.2653075 10.015394

-6.700473 1.8742111 11.107151

-6.73878 3.4208653 9.876531

-6.6717424 1.9268835 8.526201

-6.820183 2.6882396 7.693019

-6.762722 1.969979 6.5916862

-7.2559276 2.2141876 6.5007067

-7.2080436 2.4583962 6.4288807

-7.5336547 2.1519384 6.8837786

-7.3756375 1.3857939 6.855048

-7.591116 0.65316814 7.003489

-7.974188 -0.13213001 6.5821095

-8.127417 -0.48647186 6.9508166

-8.41951 -0.5487211 6.907721

-8.376414 -0.4433762 6.366631

-8.591892 -1.817648 7.716961

-7.964611 -1.2909236 6.955605

-7.524078 -1.3100772 7.803152

-6.9973536 -2.2725463 8.305935

-5.9534817 -1.6117467 7.7217493

-5.7332153 -1.5494974 8.219744

-5.311836 -1.2143092 7.740903

-5.24001 -0.9461586 7.918074

-4.9910126 -0.5870283 7.7696333

-4.828207 -0.46252984 7.8079405

-4.9287634 -0.11776479 7.6595

-4.923975 -0.17522563 7.951593

-5.2591634 0.11686697 8.052149

-5.6374474 0.38980597 8.104821

-5.2017026 0.09292495 7.7025957

-5.766734 0.27488428 7.860613

-5.3214126 0.49036244 7.4009266

-5.6039286 0.11686697 7.764845

-5.7380037 0.48557404 8.085668

-5.9774237 0.35628715 8.009053

-5.800253 0.95483756 7.764845

-5.7236385 1.055394 7.9899

-5.7380037 0.8734347 7.951593

-5.5751977 1.3810055 7.7839985

-5.517737 0.9021651 7.3195233

-5.9247513 1.0649709 7.77921

