-2.7644053 -0.6827964 9.388114

-2.773982 -0.927005 9.325865

-2.7356746 -0.8072949 9.100809

-2.6303298 -0.90306294 8.976311

-2.6494834 -0.8360253 9.115175

-2.6255414 -0.8168717 9.000253

-2.6303298 -0.7306804 9.210943

-2.644695 -0.5056255 9.292346

-2.5010428 -0.6349124 8.933215

-2.3286605 -0.6061819 8.612392

-2.3909097 -0.66843116 8.842236

-2.5680807 -0.74025726 8.789563

-2.7931356 -1.0610802 9.627534

-2.6399066 -1.070657 10.029759

-2.4579473 -0.8551789 10.647464

-1.825878 -0.2757821 11.6051445

-2.122759 0.8925883 14.171729

-1.3566146 2.2860136 15.555577

-1.5912462 2.8271034 16.790985

-2.41964 2.740912 17.619379

-2.1897967 4.18701 15.809362

-2.7356746 2.4536078 13.831752

-2.8027124 2.8079498 12.294675

-2.596811 2.740912 9.613169

-3.5640686 1.6347909 5.2892404

-3.1043818 -0.4433762 3.8958151

-1.8785505 -2.9860184 2.7705402

-0.10684125 -1.6739959 1.6548423

2.3927054 0.040252518 4.5422497

3.5945945 1.7209821 6.7257614

4.5810056 3.0665236 8.3729725

3.647267 1.376217 10.173412

1.889923 0.65795654 10.484658

0.63057286 1.7497126 10.542119

0.29538465 2.9085062 10.087221

0.12300211 3.1958103 9.483882

-0.89692783 4.972308 7.5062714

-1.4236522 5.0632877 7.0322194

-0.8825626 10.704027 4.772093

-0.6431424 10.833314 6.0122895

-0.41808748 11.096676 5.7441387

-0.087687634 10.507702 5.3850083

0.13257892 9.329755 4.858284

1.0663176 8.917953 4.6092873

1.5786767 6.729652 4.882226

1.5212159 5.5373397 4.843919

1.9473838 4.6083894 4.460847

1.937807 2.5637412 2.9477112

1.4876971 3.2245407 3.656395

1.0280104 3.8183029 2.684349

0.9322423 1.9077299 2.9716532

-0.8729858 3.1048307 5.7201967

-2.1179707 1.4097359 8.147918

-4.90961 1.4097359 8.669853

-4.2296567 0.28924948 8.550143

-5.6422358 1.3379098 11.76795

-7.1601596 -0.43379942 12.289886

-7.830536 -0.6157588 14.621839

-8.381203 -0.9365818 13.017723

-7.677307 -0.7354688 12.9506855

-7.6198463 1.1942577 10.484658

-6.939893 1.5342344 9.105598

-7.059603 2.3674166 9.215732

-7.3373303 2.6307788 7.1902366

-7.356484 4.2923546 6.6539354

-8.093898 3.8470333 6.088904

-8.745121 2.9563901 5.5382376

-8.649353 2.645144 5.4664116

-9.094674 0.06419453 6.208614

-8.630199 -1.0371382 5.9979243

-8.630199 -2.090587 7.051373

-8.745121 -2.9524996 7.8462477

-7.8975735 -3.776105 7.836671

-7.246351 -2.9668648 8.2772045

-7.246351 -3.8718731 8.286781

-6.729203 -3.4361284 8.023418

-6.5568204 -1.2334628 7.6738653

-6.5568204 -0.017208325 7.6020393

-6.422745 1.0889128 7.281216

-6.422745 1.3618518 6.989124

-6.1737485 1.3857939 7.2381206

-6.336554 1.4288895 7.429657

-6.753145 1.7592894 7.77921

-6.753145 2.1615152 7.353042

-6.0492496 1.6252141 7.4583874

-6.0779805 1.8550574 7.0082774

-6.0779805 1.7928082 7.3243117

-5.8816557 2.4631846 7.218967

-5.302259 2.4967034 6.946028

-5.302259 2.4967034 7.515848

-4.876091 2.3674166 7.2381206

-4.411616 2.3578398 7.3578305

-4.411616 2.3578398 7.415292

-4.7611694 2.5589528 7.7600565

-4.7611694 2.4775498 7.8079405

-4.6989202 2.3769934 7.6642885

-4.8090534 2.2477064 7.8414593

-4.8090534 2.2477064 8.080879

-4.914398 3.8997056 7.3195233

-4.914398 3.8997056 7.9851117

-5.9008093 2.918083 7.6786537

-4.9048214 2.515857 7.9946885

-4.9048214 2.515857 8.076091

-5.14903 3.013851 7.716961

-5.14903 3.013851 7.7217493

-4.8713026 2.9085062 7.851036

-4.933552 3.2197523 7.8462477

-4.885668 3.095254 7.6642885

-5.019743 2.6738744 7.4583874

-5.0005894 2.9324481 7.487118

