-5.1059346 1.4624083 8.085668

-5.254375 1.6108488 7.975535

-5.1155114 1.601272 7.7839985

-5.3214126 1.280449 8.037784

-5.230433 1.4528315 7.7983637

-4.5504794 1.1511621 7.6259813

-4.48823 1.0841244 7.7361145

-4.866514 1.0027215 7.8414593

-4.1291003 0.6818986 7.6786537

-3.5832222 0.84949267 7.693019

-3.6550481 0.413748 7.9228625

-3.7795467 0.21742344 9.225308

-8.395568 2.8318918 13.372066

-8.395568 3.569306 13.113492

-10.406697 4.388123 11.988216

-11.345224 5.431995 9.512612

-11.254245 5.8246436 7.9611697

-11.254245 6.538116 6.5677443

-10.330083 5.374534 4.9684176

-8.816947 4.297143 4.3890204

-7.5719624 4.957943 5.8255415

-6.3078237 5.1351137 6.0601735

-5.776311 4.7041574 4.034679

-2.917634 5.029769 2.7705402

-0.7149685 5.398476 3.3355718

-0.1643021 6.222081 3.953276

0.9705495 5.977873 3.8192005

0.8795698 4.866963 3.6228762

1.1525089 4.866963 3.857508

1.5451579 4.2444706 4.082563

2.876334 2.1806688 3.9149687

2.3639748 1.2996026 4.2788873

2.780566 1.2996026 4.949264

2.081459 1.529446 5.8494835

2.2729952 1.529446 8.01863

0.5443816 1.4863503 8.066514

0.2427122 1.4863503 10.532542

-2.0269911 1.2134113 10.1877775

-3.3102832 1.3714286 9.479094

-4.5025954 1.6730981 19.285744

-4.7372274 1.0458173 9.93878

-6.1737485 3.205387 10.527754

-4.425981 2.8127382 8.55972

-7.203255 2.1902456 9.325865

-8.151359 2.7121816 10.843788

-8.730756 3.502268 11.064055

-8.285435 2.693028 9.713725

-9.128193 2.1806688 9.933991

-8.788217 1.0937012 9.330653

-8.453029 1.1894693 9.426421

-7.9693995 1.5342344 8.100033

-6.9111624 2.171092 7.6499233

-6.4514756 1.5581764 6.6156282

-5.9391165 0.8255507 6.208614

-5.7140617 1.7832314 6.9747586

-5.034108 1.6539445 7.242909

-4.8090534 1.7688662 7.8893437

-4.3589435 1.9220951 7.611616

-4.545691 0.5861305 8.2532625

-4.684555 0.8782231 8.550143

-4.4164042 -0.012419921 8.487894

-4.4403462 -0.026785132 8.315512

-4.425981 0.7968203 8.382549

-4.411616 0.1743278 8.598027

-4.1674075 0.7249942 8.91885

-4.48823 0.7249942 8.53099

-4.732439 0.44726682 8.732102

-4.622306 0.8686463 8.473529

-4.684555 0.9069535 8.487894

-4.3350015 1.0218753 8.315512

-4.2775407 0.93568397 8.401703

-4.3110595 1.12722 8.41128

