0.8125322 7.960272 6.6443586

0.774225 7.1749735 6.467188

1.1094133 7.2563763 6.208614

0.84605104 6.9499187 6.3857846

0.525228 6.988226 6.7161846

0.6736685 7.2611647 6.5102835

0.573112 6.720075 6.505495

0.61620766 6.858939 6.1415763

0.76464814 6.6865563 5.796811

0.71197575 6.456713 5.2413564

0.3576339 4.8286557 3.6228762

0.3863643 4.7185225 3.6132994

0.15173253 4.8813286 4.523096

0.60184246 1.9173067 5.820753

0.46776715 4.8478093 6.888567

-0.21218613 3.502268 8.262839

-0.8825626 1.5246576 8.583662

-1.2177508 2.8558338 8.449587

-0.054168813 0.6052841 10.384102

-0.8729858 1.7114053 11.174189

-0.863409 2.1758804 12.060043

-1.4906899 1.9651906 12.965051

-1.7971476 0.74414784 12.404808

-1.5146319 1.0170869 12.0361

-1.8977041 0.9069535 11.97864

-1.801936 0.23178865 11.341783

-1.7348984 0.65316814 10.700136

-2.0796635 0.18390462 10.355371

-1.9072809 0.08334815 10.1877775

-1.73011 0.14080898 10.197354

-1.682226 0.18869302 9.565285

-1.73011 0.040252518 9.536554

-1.7492636 -0.35718498 9.498247

-1.6151884 0.16475101 9.43121

-1.6151884 -0.38112697 9.613169

-1.3757682 -0.11776479 9.225308

-1.3422493 0.1695394 9.24925

-1.7253217 -0.036361936 9.8478

