4.039916 8.012944 3.574992

4.063858 8.376863 3.0865748

4.183568 8.161385 3.1631894

4.3272204 7.998579 2.8184242

4.4229884 8.065617 2.6747723

4.384681 7.8740807 2.612523

4.274548 7.414394 2.3922565

4.039916 7.2228575 2.1767783

3.790919 6.34658 1.889474

3.8866873 6.111948 1.8032827

4.4852376 6.289119 2.0139725

4.111742 6.1550436 2.9620764

3.3312323 6.241235 3.4744356

3.0582933 6.475867 4.010737

1.7797897 6.6674027 4.5757685

1.712752 6.499809 5.078551

1.8372505 6.001815 4.6380177

1.3153145 5.1446905 7.353042

1.1716624 6.878093 6.515072

1.6217724 6.121525 7.1184106

1.2578537 5.944354 7.9372277

0.13736732 6.2556 7.7744217

-0.04938041 5.6091657 9.416844

-1.0022727 5.331438 9.866954

-0.4611831 4.6802154 9.799916

-0.54737437 4.7903485 10.618733

-0.68623805 5.839009 10.609157

-0.66708446 5.455937 10.503812

-0.7245453 4.8478093 10.618733

-0.5042787 5.0393457 10.613945

-1.0357915 3.9811084 10.475081

-0.8538322 3.9236476 10.326641

-0.99269587 3.9619548 10.398467

-1.1794436 3.7225347 10.221296

-1.3039421 3.6507087 9.6466875

-1.0932523 3.1575031 9.479094

-1.1028291 2.9324481 9.22052

-1.0166379 2.870199 8.861389

0.30974984 3.6507087 17.10702

-1.3661914 3.2245407 9.187001

-1.4906899 3.0617352 9.536554

-1.2800001 3.4495957 9.210943

-1.184232 3.3729813 8.981099

-0.90171623 3.4112885 9.000253

-0.9591771 3.4017117 8.971522

-1.0118495 3.6267667 8.957157

-0.9256582 3.4735377 8.89012

-0.99748427 3.463961 9.03856

-1.3039421 3.478326 8.832659

-1.1171944 3.454384 8.779986

-0.9304466 3.5740943 8.775198

-0.69581485 3.7752073 8.593239

0.19003975 3.9715316 8.952369

-0.839467 3.7081695 9.373749

