4.7007155 0.7154174 8.626758

4.370316 1.0601825 8.832659

4.3894696 1.0458173 8.818294

4.3415856 1.0601825 8.851812

4.6049476 1.2469301 8.631546

4.6145244 1.1320084 8.684218

4.4229884 1.1415854 8.387338

4.2553945 1.3474866 8.674642

4.2027216 1.4001591 8.44001

4.250606 1.328333 8.339454

4.2410293 1.5246576 8.46874

4.3272204 1.4576199 8.478317

4.595371 0.96920276 8.971522

4.695927 0.76330143 8.875754

4.7150807 0.47599724 9.435998

4.901829 0.27009588 8.875754

5.098153 0.10729016 9.062502

4.964078 -0.18480244 9.028983

5.050269 -0.2901473 9.076867

5.2657475 -0.5918167 9.110387

5.6153007 -0.026785132 8.655488

5.380669 -0.017208325 8.803928

5.31842 0.11686697 8.631546

5.452495 0.1551742 8.353819

5.3136315 0.27488428 8.104821

5.9409122 0.74414784 7.7600565

6.2521586 0.8782231 7.6259813

5.9169703 0.9165303 7.467964

5.7876835 0.6818986 7.353042

5.998373 0.8255507 7.42008

6.084564 0.8782231 7.3195233

6.0654106 0.8255507 7.4966946

6.314408 0.93089557 7.3674073

6.9991493 1.1751041 6.831106

7.1188593 0.92610717 6.9029326

6.9369 1.2277765 6.965182

5.9457006 1.4576199 7.233332

6.00795 2.491915 6.96997

6.0031614 2.9803321 6.5581675

5.8020487 3.535787 6.9843354

5.1508255 3.9188592 7.2285438

3.8675337 4.6562734 7.53979

3.541922 4.943578 7.08968

3.2977135 5.269189 7.123199

2.4549546 5.5373397 7.515848

2.1149778 6.054487 7.5780973

2.1484969 6.341791 7.5302134

2.3591864 6.6290956 7.5541553

3.1684268 6.289119 7.3003697

3.6281135 5.6331077 7.3578305

3.589806 5.2260933 7.415292

3.565864 5.1446905 7.6738653

3.4030585 4.8382325 8.076091

3.4174237 4.943578 7.8893437

3.6664207 5.4128413 7.7361145

3.680786 5.5804353 7.5110598

3.9728785 4.833444 7.5589437

3.8914757 4.723311 7.7600565

3.671209 4.627543 8.080879

3.8196495 4.522198 8.128764

4.2649713 4.412065 8.061726

4.2889132 4.3785458 7.9468045

4.217087 4.1582794 8.004265

3.9728785 4.3737574 7.803152

4.078223 4.388123 7.8558245

4.049493 4.4312186 7.7935753

4.0590696 4.5509286 7.5780973

4.0878 4.5509286 7.5350018

3.9297829 4.641908 7.405715

3.9010525 4.3019314 7.6403465

