-3.9184103 -1.84159 8.880543

-3.746028 -2.0618565 8.751256

-3.5880105 -1.6692075 8.722526

-3.592799 -1.4345757 8.82787

-3.5880105 -1.6739959 8.564508

-3.7412395 -1.5399206 8.502259

-3.6263177 -1.5016134 8.449587

-3.9327755 -1.5159786 8.3011465

-4.1530423 -0.67321956 7.3817725

-4.267964 -0.38112697 6.9747586

-4.5744214 0.35628715 6.792799

-5.311836 0.5574001 6.6778774

-6.518513 2.2860136 8.756044

-7.677307 2.8510454 10.312276

-8.974964 1.4097359 11.073632

-8.874408 1.4576199 10.829423

-8.907927 -0.20395605 10.848577

-8.165724 -0.8216601 9.977087

-9.214384 -1.0419266 11.940332

-8.922292 -0.5008371 10.939556

-8.553585 0.67232174 10.221296

-8.357261 0.92131877 9.838223

-7.6437883 2.1998224 9.12954

-7.1218524 1.7497126 9.143906

-6.073192 3.6267667 7.525425

-5.0484734 1.7209821 7.8079405

-5.4076037 0.66753334 9.546131

-3.4108396 1.553388 7.5110598

-1.9934722 1.3857939 7.6595

-1.0405799 1.4049475 7.3482537

-0.54258597 2.2141876 7.2620625

-0.19782092 1.7688662 7.3003697

0.6593033 2.4631846 7.7983637

1.5834651 2.1615152 6.9268746

1.3009493 2.2046108 8.01863

1.6074072 2.0082862 8.085668

2.4453778 0.5526117 7.860613

2.6800096 0.85428107 8.655488

1.8085201 1.7975966 8.803928

2.6704328 2.9707553 7.6259813

2.8092964 2.6403556 7.587674

2.6321254 2.0322282 6.7880106

2.4741082 2.4392426 5.902156

3.541922 4.5269866 4.772093

3.6089597 2.4392426 5.6004868

3.704728 3.535787 5.0881276

3.206734 3.7321115 4.8630724

2.7422588 4.0481462 5.6579475

2.0623055 5.8916817 4.3890204

2.4884734 6.456713 5.404162

0.73112935 5.791125 5.8877907

0.525228 7.2132807 5.495142

-0.33189622 7.9315414 5.3179708

1.071106 5.23567 4.5183077

-0.7149685 4.5748706 6.3474774

-2.6303298 4.9627314 5.02109

-2.7308862 5.4511485 7.257274

-4.1434655 5.23567 5.7058315

-1.8402433 4.388123 5.0977044

-4.7515926 5.11596 8.377761

-5.5799866 4.33545 8.904485

-7.1122756 4.54614 9.282769

-7.3995795 5.053711 10.412832

-8.314165 3.8901289 9.948357

-8.534431 4.9675198 10.499023

-7.8592663 0.97399116 9.924415

-7.150583 -0.007631518 10.312276

-7.591116 1.0170869 11.485435

-5.24001 -2.7705402 10.556484

-4.3733087 -2.1815667 8.952369

-3.4922423 -2.8758852 10.427197

-4.196138 -1.8607436 8.823082

-4.3685203 -0.91742814 8.487894

-4.234445 -0.8072949 8.641123

-3.3725324 -0.8312369 9.254039

-3.9998133 -0.2614169 8.981099

-3.6742017 -0.48168346 9.153482

-3.856161 -0.5247791 9.507824

-3.7747583 0.18869302 9.024195

-3.6119525 0.025887307 9.0098295

-3.8226423 0.088136554 8.966734

-3.8609495 0.50472766 8.722526

-3.7651815 0.8159739 8.698584

-3.961506 0.5813421 8.511836

-3.6311061 0.8447043 8.636334

-3.7316625 0.7202058 8.923638

-4.00939 0.37544075 9.062502

-4.2488103 1.2325649 8.976311

-5.350143 2.9276597 7.0226426

-4.3110595 1.055394 8.736891

-4.1003695 1.2325649 8.3729725

-3.9231987 1.2038345 8.602816

-4.1099467 1.0506057 8.296358

-4.1338887 1.2086229 8.406491

-4.071639 1.00751 8.58845

-4.0381203 1.2086229 8.789563

