-6.52809 -0.10818799 7.003489

-6.6861076 0.040252518 6.9603934

-6.6861076 -0.012419921 6.744915

-6.489783 0.13123219 7.017854

-6.61907 0.1455974 6.87899

-6.7100496 -0.045938745 6.9268746

-6.6573772 0.10250176 6.8694134

-6.652589 -0.026785132 6.8454714

-6.6478004 0.14080898 6.807164

-6.61907 0.09771336 6.735338

-6.5759745 0.1455974 6.4959183

-6.322189 0.49515083 6.064962

-6.7675104 0.37544075 6.088904

-7.1601596 0.5861305 6.256498

-7.5623856 1.2325649 6.5677443

-8.261492 2.2141876 6.6922426

-8.165724 3.0186393 6.673089

-8.022072 3.808726 6.8981442

-8.093898 3.8661869 6.8358946

-8.764275 4.3258734 7.0322194

-9.310153 3.9954736 7.2524858

-9.913491 3.4831145 7.563732

-10.569503 3.8278797 8.143129

-10.655694 0.5669769 8.818294

-10.172065 -0.2901473 9.024195

-9.539996 1.1176432 8.818294

-8.529643 0.8063971 8.339454

-7.552809 -0.14170681 8.684218

-6.3892264 0.3179799 7.9851117

-5.814618 -0.22310968 8.593239

-4.8090534 -0.16086042 8.104821

-3.4012628 -0.050727148 8.224532

-2.5010428 -0.11776479 8.669853

-2.3142953 -0.11776479 9.105598

-1.8833389 0.1695394 8.909273

-1.0884639 0.38501757 8.526201

-0.57131636 0.16475101 7.918074

0.099060096 -0.42422262 7.7983637

0.8987235 0.1599626 7.563732

1.9186534 0.7058406 7.2381206

1.4972739 0.66753334 7.975535

2.1820157 1.0170869 7.903709

1.8947114 1.1703157 8.502259

1.9809027 1.9220951 7.764845

2.459743 1.6156372 7.9851117

2.0479403 1.7975966 8.406491

2.2634184 2.6355672 7.137564

2.4166474 3.0761003 6.946028

2.2729952 3.2820017 6.5438023

2.7662008 3.8183029 6.366631

2.129343 4.210952 5.868637

2.2634184 3.358616 5.6818895

2.0287867 3.904494 6.2995934

0.9130887 4.99625 6.0027127

2.0862474 4.713734 5.370643

0.6832453 5.6283193 6.1559415

0.8747814 4.886117 6.017078

-0.36062664 5.245247 6.6156282

0.12300211 7.773524 5.2652984

-0.56652796 1.946037 8.286781

-0.7101801 2.348263 8.013842

-1.3087305 2.1998224 8.808717

-2.5297735 2.041805 9.809493

-2.9607296 0.93568397 9.359384

-4.00939 1.2134113 10.039336

-3.0517094 1.5916952 9.172636

-2.2520459 -0.74504566 9.297134

-4.33979 -0.11776479 9.349807

-3.9567175 0.021098902 9.627534

-6.2695165 -0.021996727 10.374525

-6.054038 1.7209821 9.134329

-6.6478004 -0.47689506 8.540566

-6.3748612 -1.3340193 8.526201

-5.6853313 -0.9701006 9.297134

-6.5759745 -1.913416 9.440786

-6.446687 -2.4257753 9.24925

-6.643012 -2.3252187 9.163059

-6.8632784 -2.4257753 8.296358

-6.1498065 -3.6468182 8.914062

-5.9726353 -2.243816 8.82787

-6.1498065 -2.0091841 8.727314

-6.3509192 -2.282123 9.182213

-5.9151745 -1.9660885 8.3729725

-5.776311 -1.8080711 8.459164

-5.694908 -1.7027264 7.9611697

-5.398027 -1.2143092 7.77921

-5.4554877 -0.725892 7.9803233

-5.532102 -1.1376947 7.453599

-5.4267573 -0.6397008 7.6164045

-5.4890065 -0.2662053 7.7600565

-5.59914 -0.5199907 7.77921

-5.623082 -0.16086042 7.836671

-5.6278706 -0.13213001 7.7265377

-5.7236385 -0.45774144 7.803152

-5.584775 -0.44816464 7.5780973

-5.8289833 -0.31408933 7.405715

-6.0684037 -0.2853589 7.5685205

-5.800253 -0.29972413 7.6882305

-5.7475805 -0.050727148 7.6642885

-5.7858877 -0.012419921 7.731326

-5.9534817 -0.012419921 7.8462477

-6.0109425 -0.18001404 7.7839985

-6.030096 0.04504092 7.693019

-5.991789 -0.10818799 7.5780973

-5.7140617 0.054617725 7.5589437

-5.95827 0.10729016 7.6595

-5.7380037 -0.44816464 7.9563813

-5.7954645 0.10729016 7.764845

