-4.914398 8.103924 1.3962685

-4.890456 8.659379 1.3435961

-4.593575 8.563611 1.1568483

-4.6558247 8.170961 1.1951555

-4.866514 8.611495 1.6356887

-4.5409026 8.391228 1.4106337

-4.684555 8.266729 1.5303438

-4.684555 8.266729 1.3435961

-4.732439 8.352921 1.1760019

-4.780323 8.5205145 1.27177

-4.7994766 8.577976 1.4824598

-4.7899 8.314613 1.6213235

-4.765958 8.453477 1.520767

-4.6079407 8.333767 1.4106337

-4.67019 8.247576 1.4537294

-4.6989202 8.257153 1.4010569

-4.708497 8.5205145 1.0898107

-5.1538186 8.194903 0.15607202

-4.7755346 8.621072 -0.686687

-4.9431286 9.34412 -1.3426982

-4.7899 10.234763 -1.9220951

-5.8194065 11.676073 -0.4424784

-6.0875573 12.624177 -0.049829323

-5.991789 13.308918 0.90785134

-5.374085 12.758252 0.9413702

-4.8952446 11.709592 1.27177

-4.483442 11.005696 1.1281179

-4.071639 10.976966 1.3531729

-3.9806595 10.708816 1.5782279

-3.1618426 9.688886 1.9325697

-2.6351182 10.799795 2.4976013

-2.1610663 10.526856 2.0618565

-1.9216461 10.210821 1.7841291

-0.7197569 8.453477 1.9182044

-0.33189622 6.7583823 1.6500539

-0.42766428 6.490232 1.7506104

0.48692077 5.8102784 1.664419

0.3624223 6.356157 1.6596307

1.2003928 7.289895 -0.3131915

1.3201029 7.227646 -0.62922615

1.047164 7.864504 -0.54782325

1.4302362 7.706486 -2.0226514

1.3009493 7.581988 -2.041805

1.2195464 7.2946835 -2.2381296

0.9561843 6.246023 -2.3530514

0.6545149 5.317073 -2.242918

-0.39414546 6.906823 -2.8893526

-0.26964697 7.4431243 -3.6938043

-0.56652796 7.60593 -3.344251

-1.6534956 8.170961 -3.3490393

-2.5058312 8.961048 -3.277213

-2.9607296 8.453477 -4.0146275

-3.1043818 6.7248635 -1.352275

-4.186561 9.095123 -2.396147

-4.8808794 10.450241 0.47689506

-5.7380037 11.498902 -1.8598458

-5.0772038 10.071958 -1.9029415

-5.6853313 12.451794 -1.5629648

-6.417957 11.336096 -0.8782231

-6.4131684 9.569176 0.18001404

-6.848913 7.8980227 -0.7058406

-7.0452375 9.684097 1.889474

-7.102699 9.052028 0.86954415

-6.5472436 9.143007 0.8312369

-6.868067 9.779865 1.6069583

-6.7435684 8.027309 1.8798972

-7.040449 7.888446 2.2917

-6.8153944 7.668179 2.0474913

-6.705261 6.7631707 2.4545057

-6.0779805 7.9554834 3.2254386

-6.1258645 8.137443 3.4457052

-6.1881137 7.8740807 3.6420298

-6.2455745 7.9459066 3.2924762

-5.9295397 7.998579 3.4840124

-5.6661777 7.706486 2.9860184

-4.622306 7.332991 2.756175

-5.0484734 7.4000287 1.3531729

-5.7619457 7.356933 1.7649755

-4.3589435 6.159832 1.6883612

-5.3836617 6.7631707 2.3252187

-5.3549314 7.332991 2.2390275

-5.5225253 7.548469 1.84159

-5.4315457 7.8740807 2.0522797

-5.493795 7.572411 2.090587

-5.254375 7.572411 1.1807903

-6.1976905 7.9554834 1.6404771

-5.7810993 8.003367 2.1288943

-6.0348845 7.706486 2.4640825

-5.6757545 7.9794254 1.9325697

-5.5273137 7.9171762 1.5399206

-5.59914 7.716063 1.7075148

-5.594352 7.596353 1.4633062

-5.8768673 7.558046 1.6500539

-5.412392 7.8453503 1.8224365

-5.374085 7.572411 1.9469349

-5.4028153 7.548469 2.066645

-5.5129485 7.60593 2.08101

-5.4890065 7.7208514 2.0618565

-5.656601 7.572411 1.9373581

-5.7140617 7.7208514 2.3443723

-5.7475805 7.7208514 2.4066217

-5.8433485 7.773524 2.708291

-5.7571573 7.548469 2.7849054

-5.484218 7.5867763 2.6891375

-4.9191866 7.6107183 2.4257753

-5.019743 7.476643 2.5933692

-5.125088 7.4718547 2.708291

-5.14903 7.313837 2.8184242

-5.263952 7.4574895 2.9381344

-5.4506993 7.438336 2.909404

-5.4746413 7.4479127 2.8136358

-5.3357778 7.332991 2.4976013

-5.3549314 7.510162 2.636465

-5.3597198 7.749582 2.4257753

-5.278317 7.902811 2.3252187

-5.3549314 7.840562 2.435352

-5.5129485 7.677756 2.373103

-5.5368905 7.596353 2.4928129

-5.2352214 7.5915647 2.1911435

-5.6757545 7.6729674 2.4928129

-5.230433 7.8740807 2.5023897

