-1.0693103 5.8342204 7.084892

-1.433229 5.953931 7.123199

-1.2943653 6.456713 7.0322194

-1.1219828 6.1167364 7.2285438

-1.0118495 6.5333276 7.132776

-1.0118495 6.6195188 7.156718

-0.90650463 6.183774 7.161506

-0.8490438 6.064064 7.7504797

-0.5952584 5.9730844 7.611616

0.14215572 5.815067 7.6307697

0.44861355 5.408053 8.435222

0.2427122 5.0106153 8.851812

-0.26964697 4.723311 8.976311

-0.6000468 4.6227546 9.201366

-0.7053917 4.943578 8.899696

-0.9591771 5.384111 8.516624

-1.0980407 5.5229745 8.2772045

-1.136348 5.398476 8.104821

-1.3566146 5.4032645 8.071302

-1.5673043 5.551705 7.803152

-2.2089503 5.795913 7.851036

-2.098817 6.1550436 7.4009266

-2.074875 6.078429 7.3817725

-2.917634 6.4231944 6.8981442

-3.2001498 7.1270895 6.4480343

-2.9463644 7.107936 6.342689

-3.6311061 7.170185 5.8399067

-3.3533788 8.381651 4.642806

-3.0804398 8.735993 5.0402436

-2.9511528 8.697686 5.2892404

-2.4340053 8.151808 5.1408

-1.9216461 7.558046 5.5717564

-1.7827824 7.179762 5.8973675

-1.8306664 7.1749735 6.0362315

-1.8498201 7.2707415 5.935675

-3.1809962 7.658602 5.3179708

-1.8689737 6.8110547 6.6299934

-1.5960348 6.8876696 6.6922426

-1.7061679 7.1270895 7.0226426

-1.2752117 6.5907884 6.946028

-1.3997102 6.834997 6.720973

-1.3901334 7.2946835 6.754492

-1.4715363 6.978649 6.706608

-1.4284406 6.882881 6.768857

-1.3757682 6.7823243 6.802376

-1.3566146 6.8302083 6.744915

-1.3422493 6.964284 6.816741

-1.1746552 6.7152867 6.5677443

-1.1555016 7.0073795 6.768857

-1.2416929 6.729652 6.7257614

-0.82510173 7.026533 6.390573

