-1.0310031 -0.678008 9.981875

-0.5856816 -0.079457566 9.445575

-0.8490438 -0.41464582 10.039336

-1.1938088 0.14080898 9.512612

-3.190573 1.9891326 9.857377

-3.9184103 2.3147442 9.7185135

-3.9471407 4.3929114 9.153482

-3.927987 1.6539445 9.163059

-2.6399066 -1.8511668 9.062502

-2.0078373 -2.3012767 9.359384

-1.4954783 -4.082563 9.383326

0.42945993 -5.7632923 9.076867

-0.0398036 -5.5382376 9.828647

0.20919338 -4.9109564 10.029759

-0.22176293 -4.547038 9.756821

-0.22176293 -2.1815667 9.450363

-0.7389105 0.09292495 9.273192

-0.9687539 -0.23747487 9.364172

-1.112406 -0.15128362 9.833435

-0.9304466 0.47599724 9.675418

-1.4619594 -0.76419926 10.3314295

-1.1985972 -0.2709937 9.881319

-1.0310031 -0.08903438 9.684995

-1.1411364 -0.6875848 9.752032

-1.2464813 -0.31408933 9.756821

-1.2369045 -0.42901102 9.7424555

-0.9543887 0.0019452889 9.397691

-1.6295536 0.8351275 9.287558

