9.082105 -0.0028431145 3.3355718

9.350255 -0.22310968 2.684349

9.465178 0.7297826 2.7896938

9.762058 0.3084031 2.3922565

9.872191 -0.012419921 2.2246623

9.738116 -0.05551555 2.5454853

9.580099 0.0067336923 2.5502737

9.565734 -0.13213001 2.6508303

8.986337 -0.21353287 2.0474913

8.900146 0.1551742 1.8463784

7.8083897 1.2756606 1.9996073

7.1332245 3.344251 1.697938

7.9137344 4.3929114 0.64448917

7.995137 4.8478093 0.08903438

9.288006 4.4647374 -0.9979332

12.879309 2.8845642 -5.8677397

15.862484 -1.6356887 -9.320178

18.357243 -8.712949 -12.3177185

16.987759 -14.573955 -11.479748

12.649466 -12.672958 -5.5948005

4.9353476 -7.4488106 -6.231658

0.9370307 -6.9987006 -2.693028

1.0519524 -2.114529 7.113622

0.75985974 -6.443246 -8.803031

1.9186534 -4.0634093 -0.28446108

3.1444848 -2.435352 0.44816464

3.9824553 0.025887307 0.43379942

3.0151978 0.8782231 0.29493573

3.8052843 4.474314 0.13691841

3.7334583 4.474314 -0.8638579

3.4844613 6.6913447 -0.65795654

6.3814454 6.3896756 -3.1766567

7.7461405 3.143138 -3.296367

8.564958 4.9052706 -5.1925745

10.781988 4.9675198 -10.416722

11.950358 8.405593 -13.390321

13.918392 6.8493624 -13.759028

12.51539 1.9651906 -13.5435505

10.600029 -3.3738792 -13.21315

9.599253 -4.0681977 -12.557139

8.478766 -5.8399067 -11.661708

8.732552 -10.015394 -9.22441

6.898593 -7.4344454 -6.327426

7.0374565 -8.621969 -3.6507087

6.754941 -6.586898 -3.2484827

7.0470333 -1.8798972 -4.4886794

6.295254 -4.580557 -1.4863503

6.21864 -2.7370214 -2.3626282

7.1906857 -2.6220999 -3.502268

8.090905 -2.7130795 -3.320309

8.713398 -2.3778913 -3.8470333

8.651149 -3.6994905 -3.277213

8.890569 -3.1009402 -3.4017117

8.900146 -2.9429228 -3.3011553

8.890569 -2.353949 -3.6363435

8.880992 -3.2924762 -3.6890159

8.9480295 -3.4744356 -3.6363435

9.54658 -2.6987143 -4.6227546

9.144354 -3.814412 -3.655497

9.350255 -3.1153054 -3.8661869

8.924088 -3.2828994 -3.119196

9.086893 -3.776105 -2.4248774

8.847473 -3.0722096 -1.6491561

9.311948 -3.110517 -1.6395793

9.264064 -3.9820063 -1.1415854

9.168296 -2.7992706 -2.2716484

9.33589 -3.206285 -2.1806688

9.594464 -3.1057286 -2.5254338

9.187449 -2.9716532 -2.0226514

9.197026 -2.0618565 -2.14715

9.1252 -2.708291 -1.0027215

9.288006 -2.7274446 -0.9165303

9.182661 -1.9852421 -1.2852374

9.613618 -2.7418098 -1.079336

9.513062 -2.579004 -1.0506057

9.809942 -1.8511668 -1.0218753

9.809942 -2.5023897 -0.76808983

9.551369 -1.8368016 -1.0410289

9.790789 -1.5159786 -0.9117419

9.75727 -2.1672015 -0.95483756

9.829096 -1.8032827 -1.4384663

9.51785 -2.387468 -0.75851303

9.944017 -2.0522797 -1.1511621

9.66629 -1.5925931 -1.2852374

9.388563 -2.2629695 -0.8303391

9.661502 -2.1767783 -1.0170869

9.6327715 -1.9613001 -0.8111855

9.6327715 -2.86152 -0.8255507

9.604041 -2.8327894 -0.8925883

9.929652 -1.3388077 -1.3474866

9.642348 -2.8710968 -0.64359134

9.867403 -2.4066217 -0.7968203

9.460389 -1.5782279 -0.9883564

9.527427 -2.3347955 -1.0362405

9.149142 -1.7506104 -0.95962596

9.225757 -2.5981576 -0.4424784

9.383775 -2.5742157 -0.51430446

9.345467 -2.6891375 -0.76808983

9.627983 -2.1911435 -0.686687

9.589676 -2.258181 -0.75851303

9.6327715 -1.7601871 -0.8399159

9.551369 -2.2964883 -0.19826983

9.699809 -1.3388077 -0.6962638

9.24491 -1.7314568 -0.38501757

9.493908 -3.1775546 -0.049829323

9.920075 -1.3340193 -0.8782231

9.872191 -1.8798972 -0.9021651

10.054151 -2.4545057 -0.84949267

10.054151 -2.2869115 -1.1080664

9.857826 -2.435352 -1.0362405

9.709386 -2.7226563 -0.5526117

9.642348 -1.7984943 -0.6004957

9.704597 -2.2007203 -0.28446108

9.513062 -1.5351322 -0.75851303

9.6806555 -1.7314568 -0.95962596

9.642348 -2.7753286 -0.1743278

9.54658 -1.7745523 -0.088136554

9.589676 -2.41141 0.026785132

9.623195 -1.6261119 -0.734571

9.690232 -1.4872482 -1.0410289

9.651925 -2.057068 -0.413748

9.867403 -1.7601871 -0.8734347

9.709386 -2.3347955 -0.08334815

