-0.56652796 3.5740943 9.522189

-0.24091655 1.6395793 9.81907

-0.26007015 1.8359038 9.3115

0.017657237 1.5677532 9.397691

-0.04938041 1.802385 9.325865

-0.13557167 1.8933647 9.833435

-0.24570495 1.754501 10.566061

-0.48991352 2.1279964 11.423185

1.0040684 1.6874633 10.475081

1.7797897 0.7872434 9.268404

2.0862474 -0.8456021 7.491906

2.9625254 -4.336348 4.0634093

2.8619688 -6.586898 2.0522797

0.22355859 -6.2038255 2.0139725

-1.5673043 -5.404162 2.1193175

-4.1099467 -3.9101803 6.682666

-7.8113823 -2.2964883 13.443892

-8.682872 -0.55350953 15.881188

-7.4091563 -0.8408137 16.723948

-6.3030353 -1.3962685 14.760702

-5.9008093 1.4384663 8.851812

-5.8433485 1.8167502 7.013066

-6.2695165 1.2469301 5.9117327

-5.5895634 1.1176432 4.168754

-6.432322 2.6738744 5.6914663

-7.260716 -0.1225532 0.87912095

-11.172841 -6.2900167 4.9684176

-12.231079 -13.285874 5.456835

-6.6334352 -17.217154 8.641123

-4.8569374 -13.793445 5.782446

-4.4068274 -9.957933 4.867861

-4.81863 -7.3721957 5.02109

-5.3836617 -6.3091702 5.116858

-6.121076 -6.874202 4.9684176

-6.1354413 -6.443246 5.246145

-6.3796496 -5.437681 4.594922

-6.4610524 -6.4288807 5.3754315

-6.3557076 -5.8015995 4.848707

-6.4849944 -5.0402436 4.4129624

-6.3078237 -5.557391 4.4656353

-6.4993596 -5.3371243 5.0977044

-6.346131 -5.102493 4.618864

-6.398803 -5.155165 5.1695304

-6.4131684 -5.1838956 5.1838956

-6.2455745 -5.308394 4.508731

-6.1593833 -5.2557216 4.1591773

-6.216844 -4.934899 4.3267713

-6.3892264 -5.437681 4.4273276

-6.2216325 -5.8255415 4.920533

-6.580763 -5.447258 4.8870144

-6.844125 -5.02109 4.867861

-6.2934585 -5.7441387 4.8391304

-6.384438 -6.1894603 5.0258784

-6.2216325 -5.9548287 4.7433624

-6.3174005 -6.1415763 4.728997

-6.6142817 -5.0402436 4.2214265

-6.604705 -6.3857846 5.092916

-5.9151745 -5.59091 5.519084

-6.9015856 -5.6244287 4.6332293

-7.040449 -6.3474774 6.088904

-6.513725 -5.346701 4.7816696

-6.3269773 -4.728997 4.1974845

-6.432322 -4.891803 4.628441

-6.690896 -4.891803 4.906168

-6.4035916 -4.748151 4.547038

-6.422745 -5.246145 4.93011

-6.705261 -5.7297735 5.7632923

-6.3652844 -4.776881 4.6332293

-4.5025954 -0.5295675 10.417621

-6.6573772 -4.776881 5.0641856

-6.9734116 -4.5997105 4.824765

-7.117064 -5.557391 5.5382376

-5.9055977 -4.8151884 4.6859016

-6.5759745 -5.59091 5.131223

-6.9015856 -5.638794 5.107281

-6.6094933 -5.02109 5.2078376

-6.5616093 -4.891803 5.131223

-6.360496 -4.724209 4.7433624

-6.432322 -4.8056116 4.973206

-6.542455 -4.7577276 5.131223

-6.5233016 -4.8391304 5.236568

-6.6142817 -5.2557216 5.7393503

-6.5089364 -5.083339 5.2317796

-6.5903397 -5.0498204 5.1120696

-6.61907 -5.188684 5.3371243

-6.61907 -4.772093 4.9923596

-6.6238585 -4.6380177 4.93011

-6.8297596 -3.833566 5.557391

-6.61907 -5.0019364 5.3275476

-6.470629 -5.059397 5.246145

-6.480206 -4.5901337 5.298817

