-1.3566146 0.413748 10.3074875

0.51565117 0.74893624 9.143906

0.027234044 1.9651906 9.498247

-0.28880057 0.16475101 10.163836

0.084694885 0.93568397 9.93878

0.23313539 1.6060604 9.526978

-0.02064999 0.96920276 9.704148

0.48692077 2.4153006 9.345018

0.3911527 2.396147 10.786327

-0.0398036 1.6252141 11.64824

1.5595231 2.573318 11.14067

0.5587468 1.8215386 10.724078

0.8173206 1.553388 10.101586

0.3576339 1.0937012 9.158271

1.4541782 1.9508255 9.383326

1.3057377 2.3338978 10.503812

2.1820157 2.2812252 9.412056

3.1157541 2.4775498 7.8845553

3.680786 2.123208 6.8119526

3.0008326 1.2277765 6.601263

1.166874 -0.5152023 7.5589437

2.009633 -6.222979 1.8032827

1.7893665 -8.995464 2.7705402

0.9178771 -8.248474 2.306065

-0.4659715 -6.328324 1.7506104

-9.01806 -1.1568483 13.362489

-8.725967 1.850269 13.879636

-9.94701 2.0705357 15.833304

-11.661259 1.9747674 18.682405

-9.003695 4.8717513 13.23799

-7.246351 4.493468 11.360936

-6.394015 4.388123 10.417621

-6.595128 4.2205286 8.056937

-5.8768673 3.5740943 4.700267

-5.7954645 3.2867901 4.0203137

-5.8098297 3.4352305 3.2158618

-5.872079 1.6635213 3.8670847

-7.9837646 -3.6755486 7.918074

-9.1665 -7.7121725 12.419173

-7.7922287 -10.182989 13.257144

-5.9247513 -10.522965 13.386431

-4.7037086 -4.9636292 9.977087

-4.114735 -2.5837924 8.689007

-4.742016 -2.042703 8.789563

-4.813842 -2.3108535 9.03856

-4.560056 -1.1807903 8.665065

-4.9048214 -2.0379145 8.535778

-4.756381 -1.1281179 8.957157

-4.186561 -0.5056255 8.10961

-4.354155 -1.1951555 8.459164

-4.047697 -0.7977181 8.066514

-4.033332 -0.8216601 8.377761

-4.162619 -0.41943422 8.779986

-3.9088335 -0.36197338 8.387338

-4.057274 -0.90306294 8.6507

-3.961506 -0.42901102 8.727314

-3.961506 -1.8942624 7.9228625

-4.1578307 -0.91742814 8.736891

-4.1578307 -0.74025726 8.463952

-3.9327755 -0.64448917 8.406491

-4.1578307 -0.8216601 8.938004

-4.124312 -0.6827964 8.641123

-4.962282 -1.3627497 8.483106

-4.962282 0.04504092 8.952369

-4.282329 -0.4002806 8.3969145

-4.282329 -0.21353287 9.364172

-3.9806595 -0.7354688 9.258827

