-1.6199768 1.4815619 9.005041

-0.77721775 1.4815619 8.425645

-1.4380174 0.6962638 8.516624

-0.7389105 1.6347909 6.3139586

-0.89692783 0.8063971 6.539014

-1.5864578 0.11686697 7.5541553

-1.2512697 2.8079498 9.771186

-6.6334352 1.4624083 25.23294

-11.761815 -3.0722096 28.015003

-10.36839 -5.461623 23.691074

-7.131429 -4.7433624 16.35524

-6.0013657 -3.8862383 5.758504

-2.5154083 -2.612523 0.98925424

-0.8729858 -0.6205472 -0.9883564

1.5451579 0.3179799 -1.2373533

1.0040684 0.52866966 2.5646389

1.3488334 1.328333 4.5997105

2.1963809 2.1663036 6.5198603

1.7797897 2.549376 8.272416

1.2817957 0.4185364 9.335442

1.2674305 1.0697592 9.708937

1.4015058 2.218976 9.6466875

2.0527287 1.6683097 9.19179

1.4254478 1.6156372 9.7185135

1.439813 1.9173067 9.139117

3.2019455 4.7185225 14.095115

1.9952679 1.4480431 8.550143

1.391929 2.621202 8.914062

0.9944915 1.4719851 9.421633

1.0327988 2.290802 9.881319

0.798167 1.9556139 9.34023

0.8795698 1.9795558 9.507824

0.51565117 1.5821184 9.919626

0.501286 1.8167502 9.732879

0.05117606 2.4536078 10.020183

-0.13557167 1.6826749 10.048913

-0.14514847 2.2381296 10.178201

-1.5577275 1.2996026 10.379313

-0.06374562 2.8893526 9.919626

