-1.5912462 0.7968203 9.512612

0.86999303 1.1846809 10.489447

-0.04938041 0.121655375 10.317064

0.19961657 0.36586395 9.747244

0.16609775 1.0410289 9.383326

-0.4563947 1.0410289 9.732879

-0.7436989 1.3570634 9.603592

-2.1658547 1.3570634 7.860613

-5.4746413 7.289895 9.086444

-7.3086 8.228422 8.693795

-7.950246 6.7823243 8.741679

-4.3014827 -4.724209 10.637887

-1.3039421 -7.2524858 10.59958

0.7933786 -9.388114 11.662605

1.3248913 -9.119964 10.029759

0.30496144 -3.9389107 9.6466875

-0.28880057 -0.8503905 9.210943

-0.67187285 0.19826983 8.981099

-0.43245268 2.8318918 9.172636

-0.40851066 1.7880198 9.512612

-0.5042787 1.3810055 9.483882

-0.102052845 1.7592894 9.119964

-0.80115974 0.3131915 9.838223

-0.49949032 0.9117419 9.292346

-0.12120646 0.27967268 9.732879

-0.22176293 1.8550574 9.407268

-0.8586206 0.4329016 9.977087

-1.6487072 0.7202058 9.862165

