-0.25049335 1.5246576 9.148694

-0.36062664 1.3905823 9.641899

-0.5090671 0.8877999 9.455152

-0.37499183 1.328333 9.110387

0.065541275 1.3187562 8.746468

-0.64793086 0.4281132 9.704148

0.18046296 0.6052841 9.139117

3.9058409 -6.6778774 11.753585

5.67755 -13.932308 11.777527

2.8332384 -18.586637 14.142999

-3.1283238 -14.717607 13.41995

-14.869489 -3.1488242 9.196578

-17.41213 -1.6931496 11.183765

-13.974057 6.183774 5.102493

-7.284658 10.134207 5.7441387

-4.531326 2.870199 6.7018194

-3.544915 2.9611785 6.7401266

-2.371756 3.6028247 7.860613

-1.9312229 1.0649709 9.263616

-2.309507 2.0274398 8.971522

-1.979107 1.0984896 9.517401

-2.9703064 -0.23268647 10.197354

-1.8546085 1.4767735 9.354595

-2.3765445 0.18390462 9.862165

-1.5577275 0.75372463 9.704148

-1.3470377 1.376217 9.0337715

-1.3661914 0.45205522 9.574862

-1.409287 1.1128548 9.292346

-0.54258597 1.0218753 9.277981

-1.4428058 -0.24705169 9.953145

-1.3135189 0.461632 9.632322

-1.6534956 0.53345805 9.565285

-1.0214263 0.088136554 9.72809

-1.361403 0.5813421 9.287558

-2.3286605 0.17911622 10.111163

