-1.1315596 1.3666402 8.957157

-1.1890204 1.2229881 8.856601

-1.6870143 0.61964935 9.268404

-1.4715363 1.1176432 9.345018

-1.658284 0.6004957 9.000253

-1.6247652 0.5765537 8.564508

-1.9455881 0.24615386 8.655488

-2.036568 0.28924948 8.612392

-2.7835588 0.021098902 9.72809

-2.5345619 0.44726682 8.550143

-3.142689 -0.15607202 9.560496

-2.6877906 0.5813421 9.349807

-2.7931356 0.27009588 9.641899

-3.094805 -0.74983406 10.757597

-2.7213094 1.1942577 17.715147

-4.694132 -1.3005004 21.138855

-5.0484734 -0.5966051 20.904224

-5.0772038 -1.4202105 19.381512

-5.4554877 -2.08101 11.705701

-3.4060512 -0.3907038 7.099257

-2.845808 -0.88390934 5.068974

-2.9367876 -3.110517 4.1112933

0.9849147 1.4288895 1.2909236

1.7079636 0.97399116 2.1384711

0.63057286 -0.10339958 4.6954784

1.8085201 1.9412487 4.3555017

1.5834651 1.5725416 7.0322194

1.8324621 0.22221185 7.942016

2.5459342 1.6060604 7.9611697

2.5938182 0.8159739 9.364172

4.159626 -3.0003836 11.083209

3.7717655 -4.369867 12.404808

3.2977135 -4.896591 13.027301

1.3775638 -5.5478144 12.270733

-2.9463644 0.32276833 11.830199

-2.893692 0.4185364 9.996241

-3.1857846 5.3362265 9.354595

-2.8170776 5.8533745 8.186225

-1.9455881 8.237999 8.071302

-0.7628525 6.6913447 8.104821

-0.614412 3.8997056 8.248474

-0.27922377 4.7568297 7.4248686

0.9418191 2.6642976 8.191013

1.3153145 2.3147442 7.444022

1.1381437 2.2285528 6.505495

0.3576339 1.055394 5.3658547

1.439813 -2.6412535 2.459294

0.7023989 -0.14649522 1.889474

2.0239983 -1.3723265 2.86152

-2.4627357 -0.47689506 8.032995

-5.2735286 -1.2813468 14.233978

-8.634988 1.7114053 14.770279

-5.95827 -0.56308633 15.938649

-7.227197 0.5526117 16.307356

-4.6270943 0.6962638 13.922731

-4.7994766 0.4281132 11.471069

-4.2152915 -0.5199907 10.609157

-4.746804 -0.41943422 9.306711

-5.2495866 0.3179799 8.258051

-7.356484 3.0856771 7.515848

-7.1601596 4.99625 6.7257614

-8.89835 4.957943 8.17186

-6.5089364 4.7903485 6.9125094

-7.2080436 3.229329 7.1519294

-5.742792 1.0745476 6.2995934

-6.868067 -2.5023897 7.563732

-2.4866776 -6.127211 10.163836

-3.5161846 -8.516624 11.107151

-1.6774375 -10.096798 8.990676

-0.41808748 -6.9747586 10.197354

-1.2033856 -6.088904 9.139117

-1.9982606 -3.5079544 9.814281

-2.6015995 -2.2150855 9.866954

-2.7883472 -1.889474 8.693795

-3.913622 0.16475101 9.450363

-3.271976 0.39938277 9.19179

-3.4778771 0.24615386 9.110387

-3.3342252 0.47599724 9.651476

-3.4252048 0.38501757 9.632322

-2.98946 0.84949267 9.455152

-2.797924 -0.14649522 9.526978

-2.6063879 0.66274494 9.215732

-2.6303298 0.4712088 9.421633

-2.3765445 -0.2901473 9.258827

-2.156278 0.67232174 8.952369

-2.3047185 0.54303485 9.143906

-2.309507 0.38501757 9.277981

-2.3621793 0.97877955 9.0337715

-1.9312229 0.96441436 9.115175

-2.146701 0.1599626 9.373749

-1.6774375 1.0697592 9.148694

-2.9319992 1.2900258 9.378537

-2.3573909 0.121655375 9.421633

