0.13257892 1.0937012 9.450363

-0.3462614 1.7209821 9.785551

-0.4468179 2.1806688 10.317064

0.17088614 2.0370166 10.518177

-0.37499183 2.1854572 10.9682865

0.7885902 2.6882396 10.297911

2.1389198 -0.21832126 7.9803233

3.632902 -3.5079544 4.891803

5.0215387 -8.885331 3.4504936

4.5331216 -10.896461 4.274099

-0.67187285 -4.9444757 7.314735

-2.6063879 -4.738574 8.89012

-5.0484734 -1.7506104 11.322629

-4.7851114 1.9316719 10.724078

-4.8713026 2.9276597 10.853365

-6.1019225 3.5309987 10.637887

-3.9806595 3.85661 9.957933

-4.612729 3.7799957 8.152706

-5.9486933 2.4248774 5.8494835

-5.991789 1.754501 2.8567317

-6.844125 0.44726682 2.08101

-8.275858 -2.6987143 2.5215433

-10.583868 -8.779986 4.250157

-7.2798696 -22.106113 3.5223196

-6.595128 -20.569036 5.6100636

-3.7029321 -18.974497 5.6579475

-3.2671876 -12.328194 5.7297735

-4.138677 -6.0841155 5.284452

-4.962282 -6.079327 5.8830023

-5.263952 -5.7776575 5.519084

-4.9287634 -5.322759 5.131223

-5.6757545 -6.304382 6.3091702

-5.9965773 -5.59091 6.6922426

-5.584775 -4.5614033 6.0745387

-5.752369 -4.724209 6.294805

-4.8713026 -3.991583 5.7632923

-5.7140617 -4.4560585 6.931663

-4.172196 -3.9436991 6.7497034

-4.866514 -4.192696 6.3091702

-4.804265 -4.45127 7.041796

-4.7611694 -4.4464817 6.965182

-5.110723 -3.8862383 6.735338

-5.182549 -4.532673 7.1184106

-5.5895634 -4.556615 6.0601735

-5.216068 -3.4983776 6.874202

-5.5895634 -4.408174 7.4009266

