-2.3621793 0.8207623 9.450363

-2.003049 1.2086229 9.297134

-1.8689737 1.0506057 9.335442

-2.275988 1.00751 9.435998

-2.0509331 1.304391 9.349807

-2.0796635 1.2517185 8.985888

-2.2568343 1.0266637 8.837447

-2.285565 0.97877955 8.10961

-2.1993735 1.5629648 7.156718

-3.2432454 2.6642976 5.9308867

-5.101146 3.7464767 6.802376

-6.3652844 4.7424645 6.1319995

-5.670966 4.7759833 6.744915

-7.543232 6.01618 10.173412

-7.8592663 6.111948 12.045678

-11.278187 4.0385695 16.096666

-11.196783 1.1415854 17.44221

-11.871948 -2.7130795 18.873941

-10.588656 -4.3267713 17.983297

-9.578303 -2.267758 16.307356

-8.730756 -3.823989 13.5157175

-6.604705 -2.6939259 10.9922285

-4.995801 -2.2964883 8.550143

-3.5018194 -1.6883612 7.195025

-2.6303298 -2.708291 6.73055

-0.25049335 -0.76898766 2.7226563

1.1333553 -0.7354688 2.1767783

1.071106 -0.42422262 1.3675381

2.25863 1.256507 0.37155017

2.2682068 2.7026048 -0.24136546

3.632902 3.880552 -0.27488428

1.5930419 3.631555 1.1903671

2.2490532 4.8286557 1.7170916

-0.054168813 5.6762033 1.9325697

0.9897031 6.3370028 4.025102

-1.3757682 7.682544 4.4943657

0.8077438 4.191798 5.404162

-4.1769843 10.569952 3.2445922

2.0527287 7.3952403 5.222203

-5.6039286 4.4551606 6.826318

-4.6175175 6.174197 4.882226

-8.170512 6.3753104 4.7194204

-5.374085 4.972308 7.525425

-8.951022 6.3130608 9.22052

-9.338883 4.866963 9.886107

-11.86716 2.041805 9.306711

-9.506477 1.7209821 9.603592

-12.278963 0.11686697 12.45748

-9.185654 -4.3650784 12.93632

-8.783428 -3.5558383 13.218837

-7.1457944 -3.9101803 11.691336

-6.097134 -4.432116 11.217284

-4.986224 -0.6253356 9.024195

-4.267964 -0.30930093 8.29157

-3.5880105 0.8830115 7.8414593

-3.841796 1.5485996 7.6547117

-3.664625 1.280449 8.004265

-3.7891235 1.3139678 7.927651

-4.138677 1.5485996 8.272416

-4.3733087 1.8742111 8.214955

-4.2488103 1.4384663 8.636334

-4.425981 1.7592894 8.502259

-3.9327755 1.8215386 8.157495

-4.1530423 1.529446 8.29157

-4.057274 1.6683097 8.339454

-4.3110595 1.304391 8.507048

-4.282329 1.6204256 8.564508

-4.33979 1.7066169 8.46874

-4.560056 1.8789995 8.382549

-4.4547114 1.601272 8.53099

-4.852149 1.0506057 8.636334

