-3.1857846 0.8303391 9.124752

-2.9319992 1.0889128 9.12954

-2.9607296 0.92131877 8.832659

-2.9942484 0.6914754 8.478317

-3.0421326 0.63880295 8.147918

-3.1714194 0.4281132 8.315512

-2.9703064 0.4664204 7.611616

-2.716521 0.7058406 8.751256

-2.5920227 2.1327848 12.63944

-2.4771008 3.6938043 18.00724

-8.079533 1.12722 22.312014

-7.8353243 -0.86954415 17.245884

-8.242338 -2.08101 13.721619

-6.2312093 -2.3012767 8.032995

-3.7987003 -0.5152023 5.844695

0.06075287 -0.67321956 1.2143092

1.5978304 0.35149872 0.6827964

3.1061773 1.8598458 1.0515034

2.0766706 1.2996026 3.4744356

2.3831284 1.8119618 7.1519294

1.5786767 1.5821184 9.096021

1.8133085 2.1279964 8.732102

2.8715456 2.2524948 8.574085

2.7135284 2.0896893 9.574862

2.483685 3.1287727 9.775974

2.2634184 2.549376 9.972299

2.0862474 2.1806688 9.953145

2.531569 2.324321 9.196578

2.5650878 2.798373 9.330653

2.0192099 2.2381296 9.479094

1.9425954 1.9891326 9.201366

3.7478235 3.5645175 9.076867

1.8611926 2.4105122 8.684218

