-1.2177508 0.19348143 9.6466875

-0.67666125 0.51430446 9.134329

-0.68623805 1.0745476 8.837447

-0.3079542 0.53345805 8.449587

-0.42287588 0.51909286 7.8175173

0.08948329 -0.42422262 7.3099465

0.2570774 -1.2334628 6.7640686

-0.025438393 -2.1432595 7.5924625

-1.5146319 -3.5941458 9.55092

-3.0852282 -7.353042 10.771962

-5.7954645 -4.762516 12.256368

-9.894338 -0.5295675 16.091879

-17.244537 0.51909286 18.840422

-16.564583 3.416077 14.82774

-16.430508 2.7217584 14.799009

-15.487193 1.3714286 12.275521

-13.0068 1.7928082 7.6642885

-10.377967 1.6300025 6.601263

-8.855254 1.8454806 6.112846

-8.175301 0.20784664 4.12087

-5.3788733 -1.0084078 2.6220999

-3.4922423 -0.950947 1.472883

-1.7636288 -0.18001404 0.6013935

-0.79637134 -0.8072949 1.046715

3.541922 0.5813421 -0.8973767

3.2402527 0.96920276 -0.8399159

4.6049476 -0.021996727 -1.12722

4.2697597 0.20784664 -2.4536078

4.475661 -1.9038392 -1.3714286

0.9083003 -2.4545057 0.17522563

1.7893665 -3.134459 1.0371382

-1.8593969 -4.973206 1.3005004

-5.8577137 -6.2852283 6.457611

-8.692449 -9.977087 8.023418

-8.649353 -11.892448 9.364172

-14.108132 -8.923638 9.737667

-17.345093 -7.7456913 13.932308

-15.439309 -4.594922 11.121516

-18.393753 -4.0059485 13.242779

-18.546982 -0.35718498 12.294675

-16.071379 4.2301054 10.096798

-16.6412 3.5166333 7.827094

-14.203901 7.3617215 6.232556

-11.393108 4.565294 5.2174144

-7.4714055 5.125537 3.8670847

-5.5225253 3.880552 4.288464

-4.8329954 2.4775498 4.858284

-4.0046015 1.9364603 5.4520464

-4.0285435 1.0362405 7.218967

-3.7412395 0.7297826 7.942016

-3.5018194 0.27009588 8.080879

-3.2049382 -0.5774515 9.287558

-3.4826655 0.07855974 9.24925

-3.7172973 -0.021996727 9.330653

-3.961506 -0.33324295 9.182213

-3.1139586 0.11686697 8.353819

-3.214515 -0.08903438 9.062502

-3.367744 0.0163105 8.928427

-3.367744 -0.11776479 8.957157

-3.4252048 -0.15607202 9.139117

-3.0564978 -0.16086042 9.005041

