0.71197575 0.1743278 9.464728

-0.07332243 -0.4433762 10.015394

0.3576339 -0.0028431145 9.780763

0.18525136 -0.18959084 9.675418

0.22355859 -0.0028431145 9.000253

0.036810853 0.10729016 8.842236

-0.32231942 0.28446108 8.430433

-1.9312229 1.2134113 5.935675

-2.9846716 2.0370166 5.662736

-4.995801 2.242918 5.078551

-7.5288663 2.123208 5.677101

-9.190442 0.7058406 9.024195

-10.512042 -1.2526164 11.26038

-10.823288 -4.594922 13.645004

-11.814487 -6.1080575 17.4039

-9.329307 -8.090456 17.490093

-7.7682867 -7.065738 17.719936

-7.2176204 -6.199037 17.600225

-5.982212 -7.999477 16.403124

-5.0484734 -7.77921 12.945897

-2.8793268 -8.214955 10.47987

-1.9695302 -8.296358 8.660276

-0.04938041 -6.989124 6.7018194

-0.001496376 -5.2940288 3.0243256

1.4350246 -3.5606267 0.8312369

1.439813 -1.5351322 0.5822399

3.1301196 0.08334815 -0.07377134

1.8707694 -1.3914801 1.9182044

3.470096 2.4727614 0.974889

2.3639748 1.9939212 1.7889175

1.4733319 1.3953707 3.7377977

0.9274539 3.7895725 1.7314568

0.27623102 2.6259904 5.4424696

-3.5353382 5.3793225 3.776105

1.272219 3.6363435 3.0626328

-6.513725 3.320309 5.2892404

-0.43724108 3.368193 6.017078

-7.8879967 4.8478093 6.6539354

-4.4211926 5.2069397 6.3714194

-12.278963 4.7568297 8.593239

-6.772299 4.33545 9.680206

-10.660482 2.9468133 10.901249

-8.974964 2.1902456 10.36016

-13.993211 -9.0098295 15.967381

-7.6677303 -8.574085 16.546778

-8.108263 -9.105598 15.938649

-4.2152915 -6.112846 14.004134

-2.596811 -3.8431427 10.953921

-1.5289971 -2.0714333 8.933215

-1.3518262 -0.86954415 8.966734

-3.238457 -0.74504566 9.0577135

-2.6877906 -0.17522563 9.0098295

-1.9934722 0.8877999 8.138341

-2.395698 0.040252518 8.894908

-2.917634 -0.33324295 9.345018

-2.6159647 0.19826983 9.273192

-2.3573909 0.011522096 8.957157

-2.7452514 0.11686697 8.880543

-3.1714194 -0.16086042 9.45994

-3.5497034 -0.050727148 9.665841

-2.8027124 0.54303485 9.268404

-2.9319992 0.32755673 9.0577135

-3.1618426 -0.021996727 9.215732

-3.1091702 0.28446108 9.028983

-2.9559412 0.39938277 7.1662946

-3.1762078 -0.3954922 9.435998

