-2.8170776 1.3235446 9.594015

-0.66229606 2.3865702 8.77041

-1.4475942 2.3530514 8.899696

-1.6918027 2.9946973 8.990676

-1.801936 2.549376 8.631546

-1.8210896 2.099266 9.34023

-2.074875 2.8845642 9.287558

-1.3278841 2.5685296 9.153482

-1.9407997 2.9803321 9.105598

-1.5242087 3.071312 9.297134

-3.166631 11.41271 11.91639

0.43903673 -13.640216 -9.6984625

2.435801 -25.228151 -12.839655

2.6560676 -7.3099465 -9.387216

0.8891467 -8.152706 -6.892458

3.6520555 0.49515083 -8.702475

4.7916956 2.2572832 -6.3896756

4.0925884 2.5445876 -6.854151

2.6081834 3.9428012 -6.8206315

4.2697597 5.005827 -7.926753

3.3695395 6.4375596 -5.5852237

4.1787796 8.750359 -6.5189624

4.394258 8.726417 -4.081665

4.547487 9.257929 -2.5685296

4.9592896 5.906047 -1.6683097

5.76853 8.707263 -3.2436943

3.551499 9.219622 -2.8271034

5.050269 8.922741 -2.6068368

4.648043 5.9826612 -1.2948142

4.53791 9.49256 1.5830163

3.1636384 9.573964 1.4824598

4.4708724 9.401581 3.4457052

2.3017256 10.268282 4.872649

4.015974 8.678533 3.0434792

0.62578446 10.780642 4.93011

1.8755578 5.9635077 6.0362315

2.1389198 8.568399 5.8973675

0.822109 6.5907884 7.1758714

0.72155255 10.541222 5.2078376

1.2913725 8.381651 6.3139586

-1.0932523 6.6147304 7.9563813

0.45340195 7.0313215 7.4009266

0.14694414 6.4231944 9.062502

1.1764508 7.3186255 6.720973

0.86041623 5.7767596 9.24925

0.8795698 5.5852237 7.0561614

-0.55695117 4.483891 8.358607

-0.7149685 6.1311016 8.10961

-1.7109563 4.661062 9.06729

-0.67666125 4.857386 8.167071

0.7885902 5.44636 7.611616

-1.208174 3.751265 8.885331

-1.3039421 4.8813286 8.995464

-0.54258597 5.374534 7.693019

0.48692077 5.0968065 7.7744217

0.52043957 5.2883425 7.257274

0.5539584 5.0393457 6.8215294

-0.21218613 2.6786628 9.6706295

-0.6096236 5.1303253 8.41128

-0.57610476 4.7089458 9.421633

0.75985974 4.5269866 7.429657

-0.54258597 5.187786 6.539014

