-0.79158294 1.3905823 9.292346

-0.67666125 1.6060604 9.282769

-1.2273277 1.4624083 9.512612

-0.99748427 1.8981531 8.727314

-1.1555016 1.2660838 8.741679

-0.7341221 1.3139678 7.7839985

0.08948329 0.53345805 5.8159647

-0.6335656 0.0067336923 5.92131

-1.8689737 -0.8168717 6.8454714

-3.214515 -1.046715 7.8989205

-6.5089364 -3.1057286 10.862942

-8.53922 -3.6851254 12.596344

-9.91828 -2.8902504 12.103139

-9.281423 -1.5686511 11.624298

-11.733085 -0.8168717 13.079973

-12.255021 -0.5343559 13.673735

-13.485641 -0.7306804 15.464598

-13.993211 0.7968203 14.650569

-14.788086 -1.9229928 12.725631

-11.488876 0.9165303 9.225308

-9.721955 1.6108488 8.545355

-7.174525 1.6204256 7.099257

-3.367744 0.76808983 5.5382376

-2.6638486 0.5574001 4.226215

-1.7061679 0.27488428 3.230227

-0.4516063 0.40895957 3.3978212

0.9322423 -0.36197338 2.258181

1.2865841 0.8877999 3.7377977

1.8085201 0.76330143 1.5973815

3.6903627 0.04504092 1.1185411

2.7039516 1.0362405 -0.47599724

4.274548 -0.09861118 -0.8111855

4.9975967 0.04504092 0.5199907

4.063858 -3.0913632 0.9413702

2.7949312 -4.1017165 3.9820063

2.732682 -7.3434653 4.786458

0.2475006 -7.9803233 6.1894603

-1.5385739 -8.712949 8.990676

-3.2480338 -8.966734 11.52853

-2.6351182 -10.848577 12.792668

-6.322189 -8.10961 14.952238

-9.037213 -7.4488106 14.066384

-10.593445 -2.8423662 14.918719

-10.330083 -0.9365818 13.463045

-9.889549 -0.405069 12.9267435

-10.942998 3.7991493 12.18933

-7.7922287 0.94047236 9.0337715

-7.6006927 4.282778 8.861389

-5.790676 3.7225347 7.2141786

-5.134665 1.1224316 7.2285438

-4.0046015 1.1846809 7.204602

-4.148254 0.3131915 7.6642885

-3.7316625 -0.22789808 8.214955

-3.7508163 -0.22310968 8.2772045

-4.081216 -0.48168346 8.684218

-3.6789901 -0.55829793 8.70816

-3.2863412 -0.10339958 8.851812

-3.0660746 -0.36676177 8.574085

-3.3821092 -0.5870283 9.187001

-3.1857846 -0.31887773 8.990676

-3.4778771 -0.9461586 9.0337715

-3.5544918 -0.8025065 8.961946

-3.4826655 -0.74983406 9.22052

-3.415628 -0.70195 9.230097

-3.190573 0.38501757 8.689007

-3.3150716 0.0163105 8.990676

-3.3485904 -0.18480244 9.06729

-3.9423523 -0.18001404 9.014618

