-2.2472575 2.4105122 10.192566

-1.2129624 1.7880198 12.074409

-1.3183073 1.7114053 15.411925

-2.0269911 1.5438112 18.323275

-2.5537155 -2.2246623 19.371935

-2.6159647 -1.8942624 16.585085

-1.7827824 -1.697938 11.844564

-5.043685 -6.946028 7.9563813

-4.8808794 -5.9069443 3.7904701

-1.2033856 -1.9373581 0.5391443

-0.56652796 0.686687 -0.1551742

1.8037317 0.8111855 2.5119665

2.3831284 1.2900258 2.420987

2.9912558 1.1751041 3.278111

2.3352444 1.3953707 5.557391

2.933795 2.4153006 9.076867

1.7797897 3.0521584 10.101586

2.1772273 1.9795558 10.862942

1.3823522 1.6683097 11.566837

1.4493898 1.6635213 10.690559

0.49649757 1.4528315 11.006594

0.8987235 1.4336779 11.068844

0.37199908 2.1279964 10.053701

0.59705406 1.7018285 10.063278

0.20919338 1.5342344 9.651476

0.70718735 0.8447043 9.24925

1.3871406 -1.0179846 4.958841

1.7750013 1.6156372 8.689007

-0.48512512 -0.42422262 10.111163

0.9657611 2.5828948 9.153482

0.6640917 1.8215386 9.426421

0.30496144 0.7872434 9.335442

0.9992799 1.4241011 9.062502

0.48692077 2.4344542 8.70816

0.11342531 1.7928082 9.900473

-0.28401217 1.7975966 9.665841

-0.09247604 1.4767735 9.986664

0.032022446 1.7880198 10.044125

0.15652093 1.9220951 9.871742

-0.28401217 1.9173067 10.029759

