-1.385345 0.7728782 9.838223

-1.1890204 -0.10339958 9.560496

-1.1746552 -0.3954922 9.795128

-1.0501567 0.67232174 8.621969

-1.4428058 -0.1273416 9.493459

-1.2560581 2.7887962 7.3482537

0.08948329 -1.4106337 7.266851

-0.9400234 -6.0745387 4.7098436

0.46297875 -10.206931 3.4696472

0.26665422 -7.7935753 3.9436991

2.1006126 -8.430433 -1.9987096

5.76853 -7.9468045 -11.230751

6.769306 -1.6021699 -18.604893

3.3120787 2.740912 -18.906563

-1.4619594 8.429535 -18.025496

-5.101146 -0.34281975 -13.0024605

-5.1298766 -2.483236 -12.059145

-4.6510363 -3.8527195 -11.0200615

-3.1331122 -5.552603 -9.286659

-0.0398036 -5.7441387 -7.0552635

1.1333553 -4.2693105 -7.6729674

2.3831284 -1.8559552 -9.4351

3.0439281 -4.250157 -7.8453503

3.5945945 0.36586395 -9.85648

3.9058409 -1.0179846 -8.271518

4.1165304 -0.37155017 -8.515726

4.384681 0.8973767 -9.487772

4.600159 0.27009588 -8.826973

4.5570636 1.5342344 -9.420734

4.1165304 0.413748 -9.368062

4.513968 0.8255507 -9.080758

4.0207624 1.3618518 -8.889222

3.9297829 1.1942577 -9.37285

4.073435 0.5717653 -9.214833

4.360739 1.5964836 -9.147796

4.513968 1.5007155 -8.712051

4.671985 1.1511621 -8.946683

4.0830116 1.5438112 -9.339332

3.9824553 1.1176432 -9.262717

4.571429 1.136797 -9.171738

4.3128552 1.0841244 -8.396016

3.0247746 3.1479263 -9.49256

4.379893 0.66274494 -8.917953

4.5091796 1.7592894 -9.248352

4.4612956 1.1894693 -8.668956

4.2697597 1.4241011 -8.965837

4.3272204 1.12722 -8.654591

4.5570636 1.5390228 -8.927529

4.379893 1.3714286 -8.678533

4.499603 1.601272 -9.008932

4.408623 1.4432547 -8.846127

4.5570636 1.5677532 -8.98499

4.4182 1.8311154 -9.272294

4.5091796 1.4336779 -9.205256

4.274548 1.5916952 -8.95626

4.877887 1.9029415 -8.386439

5.155614 2.0801125 -8.017733

5.098153 2.4631846 -8.587553

5.0789995 2.2764368 -8.271518

4.5091796 1.9891326 -9.008932

4.3990464 1.9939212 -8.458265

4.98802 2.3338978 -8.870069

5.4668603 2.2333412 -8.510938

5.356727 1.8598458 -8.4965725

4.8156376 1.3953707 -7.888446

4.853945 1.7209821 -8.290671

5.2513824 2.242918 -8.601918

5.0789995 1.8789995 -8.467842

5.3615155 2.6499324 -8.573188

5.294478 1.6922517 -8.103924

5.509956 1.9173067 -8.822185

4.892252 2.2141876 -8.166173

5.026327 2.2572832 -8.582765

5.260959 2.26686 -8.285883

5.1412487 1.6108488 -7.8357735

5.0454807 1.6826749 -8.319402

5.1268835 1.6108488 -8.156596

5.0885763 1.7880198 -8.759935

5.2322288 1.7209821 -8.352921

5.0789995 2.0513818 -8.233211

5.122095 1.8167502 -8.271518

5.1508255 1.9651906 -8.328979

5.380669 2.2955904 -8.458265

5.342362 2.1040545 -8.4486885

5.4093995 2.491915 -8.434323

5.0167503 2.3434746 -8.170961

5.1651907 2.6355672 -8.870069

5.0454807 1.9173067 -8.276306

5.3615155 2.539799 -8.5205145

5.213075 2.1806688 -8.4439

4.9592896 1.7975966 -8.348132

5.476437 2.3434746 -7.9411182

5.4333415 2.1136312 -8.05604

5.1987095 2.5781064 -8.463054

5.3519387 2.3195326 -8.190115

5.0694227 2.1327848 -8.376863

5.2896895 2.1902456 -8.185327

5.131672 2.3434746 -7.93633

5.414188 2.075324 -8.314613

5.1268835 2.1998224 -8.357709

5.356727 2.2524948 -8.209269

5.237017 2.0226514 -8.099135

5.2082863 1.9412487 -8.190115

5.0406923 2.1854572 -8.577976

5.122095 1.9412487 -8.549245

5.605724 2.5445876 -8.410381

5.131672 2.195034 -7.9937906

5.452495 2.3147442 -8.17575

5.237017 2.1663036 -7.926753

5.193921 2.1375732 -8.439112

5.366304 1.9029415 -8.142231

5.5386863 1.9220951 -7.974637

5.4333415 2.0034978 -8.281095

5.246594 1.9795558 -8.338555

5.2274404 1.9987096 -8.314613

5.476437 1.9556139 -8.252364

5.4093995 2.171092 -8.132654

5.462072 2.1088428 -8.036886

5.4908023 1.9220951 -8.113501

5.476437 2.4057238 -9.071181

5.414188 1.826327 -8.4247465

5.8834515 1.9077299 -8.147019

