9.316736 -1.0658686 3.2828994

9.402928 -1.5111902 3.0722096

9.168296 -1.3866917 3.053056

8.924088 -1.0131962 2.7513866

8.794801 -0.6109703 2.9716532

8.603265 -1.1424831 3.7090673

9.062951 -1.5782279 3.5941458

9.776423 -1.9804537 4.3171945

9.872191 -2.756175 4.6571712

11.19379 -0.22789808 4.5183077

11.921628 -1.72188 2.579004

13.420399 -0.1273416 4.3315597

13.65503 -0.6013935 5.8877907

13.573627 -3.2493806 4.9636292

12.668619 -2.5167549 3.6947021

13.769952 -0.5104139 5.1838956

12.467506 -3.5845687 3.4409168

12.146683 -0.8216601 2.6412535

11.217732 -1.8463784 3.6755486

11.308712 0.10729016 2.7274446

10.758046 0.33713353 2.033126

9.814731 -0.36676177 2.483236

6.984784 1.2325649 0.7163152

8.411729 -1.0993875 2.1767783

9.503485 3.2676363 0.64448917

0.14694414 0.8638579 -1.6635213

1.8085201 2.5541644 -11.005696

4.648043 4.3977 5.116858

3.15885 1.9125183 -4.9148474

6.031892 4.033781 9.517401

9.75727 -0.65885437 1.0036194

9.498696 -0.5966051 -1.079336

10.633548 0.9165303 2.9716532

9.273641 0.13602059 0.20874447

10.097246 -1.913416 1.2095208

10.523415 -0.41464582 0.91742814

9.288006 -0.34281975 1.7841291

10.370186 -0.6061819 2.8902504

10.063727 -0.5439327 2.9955952

9.915287 -0.8456021 3.0578444

9.75727 -0.49126026 2.4401405

9.479543 -2.3012767 2.4257753

9.934441 -0.045938745 0.9317934

8.622418 -0.55350953 3.325995

8.9719715 -1.2621932 0.98925424

9.752481 -1.8080711 1.9038392

10.030209 0.96920276 2.3683145

9.853038 0.6771102 2.0762217

9.910499 0.3036147 1.8128597

9.441236 0.5813421 2.1528363

9.153931 0.36586395 0.8120833

9.240122 -0.017208325 1.8511668

9.264064 1.00751 1.448941

10.125977 0.49036244 1.8032827

9.929652 1.0027215 1.046715

9.958383 1.2469301 1.5830163

9.599253 1.3139678 1.6596307

10.011055 0.782455 1.7793407

9.604041 1.1080664 1.7075148

9.853038 1.1463737 1.5064018

9.575311 0.7920318 1.1664251

9.651925 0.9021651 0.89348614

9.469966 0.7297826 0.6253356

9.742905 0.76330143 1.2861352

9.66629 0.7010522 0.8312369

9.886557 0.61964935 1.5399206

9.915287 -0.036361936 1.2095208

