9.355043 -1.9277812 1.199944

9.436447 -1.9852421 1.2286744

9.383775 -1.2190976 1.0515034

9.378986 -1.223886 1.3627497

9.48912 -2.124106 1.7553988

9.311948 -1.4680946 1.5159786

9.0677395 -1.5494974 2.0091841

9.106047 -2.387468 1.8128597

10.183437 -1.5878047 0.64448917

10.312724 -2.4736593 0.78335285

10.35582 -2.243816 0.46731824

10.125977 -1.6021699 0.24226329

9.455601 -2.0762217 1.1520599

8.919299 -0.5104139 0.9317934

7.9280996 -0.927005 1.3005004

7.0949173 -1.2334628 2.5215433

7.2146277 1.7209821 1.9900305

7.908946 3.0904655 1.1329063

9.264064 3.04737 0.031573534

10.465954 2.348263 -1.4241011

13.836989 -4.5518265 -8.05604

14.358926 -11.873295 -10.411934

15.297453 -12.553248 -11.489325

14.263157 -14.784644 -9.942671

11.91684 -12.083985 -7.1653967

9.565734 -13.032089 -2.8749874

8.574534 -11.025747 -3.9715316

5.9552774 -10.159047 -1.328333

3.6185367 -7.0322194 -3.5405755

2.4501662 -8.660276 -0.7058406

2.3831284 -8.004265 -0.9165303

2.4166474 -3.929334 -1.2900258

3.1492732 -3.5989342 -0.09771336

3.5131917 -3.4696472 0.15128362

3.9297829 -3.2014966 0.007631518

4.475661 -1.7314568 -0.53345805

4.5570636 -0.4433762 -1.4432547

3.944148 0.62922615 -0.92131877

6.132448 1.1463737 -1.7353473

3.6424787 1.2469301 -2.2285528

5.1125183 2.8318918 -3.296367

3.2402527 2.1136312 -2.242918

7.0997057 2.9085062 -4.1965866

5.002385 2.5302222 -4.651485

7.612065 2.7026048 -7.81662

7.4779897 3.5070565 -9.34412

10.437223 4.0242043 -12.399121

8.919299 2.0465934 -13.442993

10.269629 -0.065092355 -13.24188

8.46919 -1.0179846 -13.313706

8.531439 1.1942577 -13.66326

8.82832 -5.011513 -12.3177185

7.774871 -5.4520464 -12.509255

7.616853 -6.199037 -12.643331

7.0613985 -6.663512 -10.981754

7.7605057 -12.332982 -7.2563763

5.7876835 -6.888567 -6.5812116

6.15639 -8.310723 -4.210952

5.998373 -3.3403602 -5.9252005

6.922535 -5.011513 -5.6187425

7.2864537 -3.1057286 -6.0353336

7.0135145 -2.5263317 -5.384111

7.1667433 -3.7425861 -4.1726446

7.339126 -2.7130795 -4.21574

7.588123 -2.3252187 -4.579659

7.516297 -3.0243256 -4.167856

7.8897924 -3.1631894 -4.2923546

8.507497 -3.4840124 -4.258836

8.919299 -4.1831193 -4.412065

8.804378 -1.4824598 -5.374534

8.368632 -3.953276 -4.033781

8.34469 -1.8511668 -3.9715316

8.536227 -3.5654151 -2.9994857

8.804378 -4.2118497 -2.6738744

8.473978 -2.8232126 -3.1527147

8.775647 -3.800047 -1.7640778

9.039009 -2.3826797 -2.5781064

8.957606 -2.8184242 -2.26686

9.086893 -3.7234325 -1.9556139

9.436447 -1.7314568 -2.822315

9.163507 -3.0626328 -2.2860136

9.321525 -2.5837924 -2.6020484

9.077316 -1.9229928 -2.5637412

9.129989 -2.8998272 -2.7026048

9.431659 -2.090587 -3.0665236

9.42687 -2.8088474 -2.621202

9.54658 -3.325995 -2.4536078

9.498696 -2.6556187 -2.965967

9.484331 -2.7849054 -3.0234277

9.465178 -2.555062 -2.9324481

9.264064 -1.9469349 -3.0904655

9.316736 -3.1057286 -2.348263

9.264064 -2.53112 -2.2285528

9.197026 -2.6508303 -1.9125183

8.957606 -2.8519433 -1.3810055

8.871415 -2.1288943 -1.136797

8.904934 -3.1919198 -1.1224316

9.120412 -2.459294 -1.5485996

9.393352 -2.3156419 -1.4767735

9.197026 -2.483236 -1.8646342

9.474754 -1.8751088 -2.1854572

9.479543 -3.0722096 -1.8933647

9.450812 -2.8327894 -2.1519384

9.575311 -3.1200938 -1.9029415

9.627983 -2.7944822 -2.300379

9.532215 -2.53112 -2.2237644

9.422082 -2.8136358 -2.0705357

9.33589 -2.5454853 -2.3434746

9.273641 -2.7226563 -2.0322282

9.273641 -3.3930328 -1.9747674

9.48912 -2.6747723 -2.1375732

9.383775 -2.41141 -2.171092

8.962395 -2.7944822 -2.0465934

9.144354 -2.9429228 -1.9747674

9.053374 -2.2294507 -1.9604023

10.183437 -3.3403602 -2.0322282

9.24491 -2.5023897 -2.3530514

9.254487 -1.9469349 -1.9795558

