-3.6311061 2.8271034 8.641123

-3.4587235 2.894141 8.756044

-4.1578307 2.4871266 7.874978

-3.7891235 2.2477064 8.483106

-3.6550481 3.0377932 8.076091

-3.2671876 3.1335611 7.8079405

-3.5880105 2.7265468 6.419304

-2.036568 3.6602855 3.2398038

0.61620766 6.303484 -5.1829977

5.629666 2.7457004 -14.568269

-16.478392 -11.111939 -11.058369

-27.688046 -44.434437 -1.3714286

-57.682602 -22.273706 -3.952378

-54.474373 -19.415031 47.872513

-78.59356 10.177302 16.972944

-78.59356 6.054487 17.777397

-78.59356 12.834867 -11.723957

-76.63989 36.408176 -28.363659

-78.59356 3.7416883 -78.90765

-78.59356 -78.348305 -53.057453

-60.158207 -75.68835 -60.48427

-62.346508 -44.45838 -38.184673

-68.96887 -49.577183 9.201366

-78.59356 -39.54548 24.016685

-78.59356 7.6346602 20.425385

-67.91064 13.792547 11.269957

-34.367867 13.936199 -11.80536

-7.797017 22.919245 -15.923387

-9.008483 -4.824765 -4.354604

-4.1434655 4.7328877 -5.1782093

-2.2520459 -2.6891375 6.2421327

0.16130935 -5.7920227 8.3250885

-1.5146319 0.08334815 8.875754

-2.2376807 2.4823382 10.47987

-1.5242087 -1.3292309 10.834211

-0.55216277 -0.91263974 10.273969

-3.1762078 1.4719851 9.36896

-3.0325558 -1.2334628 10.341006

-2.572869 1.2948142 8.894908

-2.1514895 0.4233248 9.737667

-2.5154083 -0.55829793 10.74802

-3.1474774 -0.2853589 9.574862

-3.2480338 0.20784664 9.771186

