-0.0062847794 3.9188592 9.086444

-0.7341221 1.7832314 9.230097

-0.90171623 2.3195326 9.656264

-0.8777742 2.3338978 9.273192

-0.36541504 2.3291094 9.507824

-1.0262147 2.3051674 9.929203

-0.7341221 3.3059437 11.672182

-0.9591771 2.6882396 11.116728

-0.8777742 2.0705357 10.101586

0.05117606 2.3865702 9.124752

0.32890347 1.7257705 6.888567

1.1572973 -3.752163 5.447258

0.5587468 -7.53979 4.1639657

-4.1338887 -8.243686 6.318747

-2.668637 -6.85026 7.7265377

-8.012495 -5.1599536 12.893225

-6.73878 -0.16564883 13.664158

-9.271846 -1.3005004 14.851682

-8.079533 2.1806688 12.261156

-6.6478004 2.0561705 9.594015

-6.537667 0.40417117 6.088904

-7.06918 0.21742344 4.8534956

-7.6581535 1.6491561 3.9628527

-7.538443 2.0130746 2.5694273

-9.142558 -0.79292965 0.37633857

-8.883985 -17.097443 -3.904494

-4.4307694 -21.924154 -3.205387

-6.145018 -18.802114 -0.22700025

-3.7987003 -11.700912 -1.3905823

-4.2535987 -10.455928 0.65885437

-5.0532618 -9.541343 1.1185411

-5.364508 -7.7121725 1.1041759

-5.1777606 -8.191013 2.2917

-4.9670706 -8.516624 2.3347955

-5.484218 -8.095244 2.1576247

-5.1633954 -8.004265 2.444929

-4.4786534 -8.152706 1.745822

-4.5887866 -8.315512 2.219874

-4.3014827 -7.731326 1.9996073

-4.1913495 -7.515848 2.0091841

-4.1099467 -7.7361145 2.267758

-4.756381 -9.03856 2.4736593

-4.378097 -9.397691 2.3108535

-3.8944683 -8.866178 1.8032827

-3.951929 -8.775198 2.124106

-3.7747583 -8.660276 2.148048

-3.913622 -8.621969 2.5646389

-3.7508163 -8.655488 2.258181

-3.913622 -8.976311 2.6268883

-3.951929 -8.995464 2.4928129

-3.616741 -8.842236 2.5981576

-3.7795467 -8.612392 2.6220999

-3.568857 -8.870966 2.780117

-3.5066078 -8.564508 2.459294

-3.6598365 -8.923638 2.8471546

-3.295918 -8.3969145 2.6077347

-4.105158 -9.0816555 2.6891375

-3.1522658 -8.813505 2.6412535

-3.295918 -8.674642 2.5023897

