-2.146701 1.8071734 8.080879

-2.5872343 1.6060604 8.813505

-2.941576 0.7297826 8.684218

-2.194585 1.9651906 8.243686

-3.3485904 1.4097359 9.6945715

-3.046921 2.017863 10.585215

-3.0038254 3.7752073 11.825411

-3.3485904 0.95483756 14.913931

-3.544915 1.6874633 14.238767

-2.8170776 0.12644377 14.61705

-3.487454 -1.1903671 14.435091

-2.7644053 -0.64448917 13.017723

-3.3390136 1.0601825 12.677747

-3.2288802 1.1990461 10.9922285

-3.5784338 0.05940613 9.196578

-2.7691936 1.0458173 5.246145

-1.1794436 1.4480431 4.3650784

-0.22176293 0.686687 3.6180878

0.34805706 1.5390228 4.00116

2.1772273 1.7928082 5.557391

2.4932618 3.344251 6.4959183

2.6417024 3.502268 7.041796

1.9617491 2.4583962 8.238897

2.1389198 4.1582794 7.851036

2.4645314 3.7991493 8.3490305

2.3160908 3.7608418 8.463952

2.2251112 3.7895725 8.023418

1.9665375 4.1247606 8.593239

1.5978304 3.4495957 8.82787

2.1963809 3.952378 8.91885

1.7510593 4.5509286 8.55972

2.0527287 3.6938043 8.70816

1.5643115 4.5509286 8.46874

3.589806 6.6530375 8.052149

2.5938182 3.6602855 8.305935

1.4206594 3.3634045 8.67943

