-3.4587235 0.5813421 9.268404

-2.6015995 1.2852374 8.756044

-2.86975 0.49993923 8.981099

-2.9080572 0.7010522 8.674642

-2.4483705 0.76808983 8.976311

-3.2193034 0.19826983 9.349807

-2.2951417 0.5813421 9.258827

-2.3430257 -0.021996727 9.36896

-2.0700867 0.1503858 8.91885

-1.9455881 0.4185364 8.085668

-2.4100633 1.7209821 1.1041759

-2.7356746 2.5876832 -2.6595092

-6.398803 4.699369 -3.7416883

-12.829629 9.382427 -1.0984896

-20.060118 14.027179 3.455282

-33.434128 13.711144 13.745561

-41.842564 12.020838 21.598543

-47.986088 -7.6738653 23.202658

-40.54012 -14.238767 20.109348

-40.075645 -14.344111 17.298555

-41.196133 -10.202143 6.505495

-34.707844 -7.6882305 -2.4153006

-25.863663 -9.603592 -15.688755

-22.928371 -13.779079 -21.511454

-9.410709 -11.791892 -28.014105

-8.314165 -7.965958 -39.28122

-13.638869 -5.772869 -30.676458

-27.75987 6.5333276 -32.04594

-38.251263 -9.627534 -20.644753

-44.299015 -11.188554 -16.086193

-59.31066 14.156466 18.653675

-51.318817 23.637505 23.85867

-46.932636 2.7313352 21.493198

-31.164425 -0.6109703 33.435474

-9.6884365 -9.086444 16.786198

-8.338107 -9.052925 10.657041

-9.525631 -3.800047 5.035455

-7.892785 -6.40015 6.443246

-9.204807 -1.4441526 -0.983568

-5.3788733 0.8638579 4.3171945

-5.2974706 2.2333412 6.007501

-5.1298766 3.6890159 5.543026

-5.8529253 2.8079498 7.6642885

-5.8768673 2.26686 7.1758714

-6.1593833 2.1040545 7.1423526

-6.0492496 1.8071734 7.017854

-4.900033 4.6945806 5.5478144

-5.7332153 2.2955904 6.7018194

-5.7475805 2.26686 7.204602

-5.5751977 2.7313352 7.161506

-6.0348845 2.9946973 7.5445786

-5.532102 3.4591725 7.314735

-5.776311 2.8558338 7.1423526

-6.006154 2.3434746 7.0944686

-5.5464673 3.1814451 6.9843354

-5.584775 3.0090625 7.8654013

