-2.2520459 1.5581764 9.661053

-1.3901334 1.5150808 10.522965

-1.409287 2.5685296 10.2835455

-0.9735423 2.8845642 10.154259

-0.887351 2.2237644 11.164612

-0.78679454 2.8271034 9.981875

0.3576339 1.8550574 9.383326

1.0806828 0.6052841 8.416068

1.8611926 -0.036361936 6.965182

1.2387002 -6.625205 4.250157

1.4302362 -9.330653 3.3164182

0.70718735 -5.6962547 5.4089503

-1.136348 -5.370643 6.103269

-4.900033 -1.5925931 10.891672

-8.395568 0.76330143 12.802245

-7.4857707 3.6459203 13.271509

-9.453805 2.324321 12.9506855

-9.429863 1.3666402 10.982652

-8.2998 1.5342344 8.698584

-7.102699 2.4153006 6.735338

-6.6238585 1.7640778 5.054609

-7.868843 -1.8751088 3.110517

-9.329307 -4.384232 1.9277812

-12.173617 -10.566061 3.1392474

-11.608586 -16.403124 0.4433762

-8.314165 -16.518047 0.41943422

-6.097134 -16.249895 1.3435961

-5.694908 -12.567614 2.267758

-5.632659 -11.145458 2.5885808

-6.0875573 -7.477541 4.0155253

-6.0109425 -6.4719763 4.130447

-5.790676 -5.432893 3.5797803

-6.006154 -5.8159647 4.57098

-5.632659 -4.2118497 4.130447

-4.962282 -4.69069 3.9580643

-4.636671 -5.179107 5.629217

-4.7132854 -5.5956984 5.4089503

-5.2591634 -5.4233155 5.4712

-5.230433 -6.136788 5.528661

-5.192126 -6.419304 5.701043

-5.254375 -6.5102835 5.7441387

-5.421969 -6.232556 5.2652984

-5.263952 -5.9644055 5.3993735

-5.8433485 -4.93011 5.758504

-5.0484734 -5.150377 5.5382376

-6.2790933 -4.824765 5.3419127

