-0.8586206 1.1846809 9.905261

-0.65271926 0.8590695 9.761609

-0.8490438 1.3618518 9.756821

-0.20739773 1.5725416 9.924415

-0.55695117 0.8925883 10.427197

-0.81552494 1.0122985 9.507824

-1.2991537 2.7504888 6.6060514

-1.5337855 0.8590695 1.3579613

-0.66229606 -5.164742 -0.52866966

1.712752 3.04737 -0.45205522

-2.5010428 -0.78335285 6.1319995

-6.7579336 0.61964935 9.723302

-6.384438 3.440019 9.0577135

-11.464934 1.0697592 16.14455

-11.172841 -0.8312369 15.818939

-8.754698 -0.5056255 14.37763

-7.3133883 0.25094226 12.347347

-5.019743 1.0745476 9.503036

-5.460276 0.4329016 8.741679

-5.7236385 0.05940613 8.133553

-5.6996965 -0.2709937 7.4727526

-5.1873374 -0.09382278 7.515848

-5.0532618 -0.15607202 7.4966946

-4.995801 0.3179799 7.635558

-5.067627 0.06898294 7.8414593

-4.9191866 -0.29972413 8.310723

-4.555268 0.11207857 7.9803233

-4.6749783 -0.10818799 8.061726

-4.6749783 0.05940613 8.224532

-5.010166 -0.21353287 8.152706

-3.76997 0.8973767 6.855048

-4.6989202 0.1551742 7.635558

-5.2112794 -0.036361936 8.20059

