0.15173253 3.2484827 9.838223

0.099060096 2.1854572 9.862165

-0.10684125 2.1663036 9.5988035

-0.0398036 3.4448073 9.862165

-0.67187285 2.0130746 9.684995

-0.25528175 2.8031614 9.503036

0.22355859 2.9468133 9.483882

0.2379238 3.1144075 10.393679

-0.56173956 3.3011553 9.335442

-0.4707599 2.71697 7.5110598

-0.39893386 3.143138 2.2964883

0.6736685 2.3674166 -11.80536

4.523545 3.7752073 -22.84263

-6.3796496 -20.31525 -10.780642

-8.32853 -4.264522 2.2869115

-25.925913 4.388123 12.074409

-20.380941 2.4775498 34.05797

-7.5480204 1.6826749 28.374134

-6.681319 2.5254338 18.150892

-6.1641717 3.3634045 13.194895

-5.2591634 0.5526117 8.052149

-5.7571573 0.38022915 8.406491

-5.6374474 1.4624083 7.7217493

-5.584775 0.12644377 7.7600565

-5.2974706 0.5717653 7.9946885

-4.6797667 0.64359134 7.7025957

-4.1099467 -0.08424597 7.4009266

-3.4204164 -0.45295304 7.4344454

-3.8465843 -0.74983406 8.009053

-3.8992567 -0.47689506 8.746468

-3.9567175 -0.89827454 9.383326

-3.8322191 -0.6349124 9.024195

-4.023755 -0.36676177 8.894908

-3.7316625 -0.45774144 8.923638

-3.7987003 -0.10818799 8.971522

-3.8992567 -0.18480244 8.899696

-3.2193034 0.32276833 8.674642

-4.2871175 0.07377134 8.736891

-4.1291003 -0.23268647 9.0577135

