-2.395698 -0.25184008 9.426421

-2.6351182 -0.45774144 9.182213

-2.7308862 -0.49604866 9.028983

-2.86975 -0.74504566 9.086444

-2.6734254 -0.5343559 8.899696

-2.9511528 -0.7306804 9.277981

-2.9942484 -0.5152023 9.105598

-3.0421326 -0.46252984 8.952369

-2.893692 -1.0131962 8.760833

-2.8410196 -0.9413702 8.736891

-2.917634 -0.41464582 8.023418

-3.2576108 -0.9222166 8.272416

-2.9463644 -0.75462246 8.938004

-3.6454713 -0.17043723 12.347347

-3.9088335 1.850269 14.688876

-4.6031523 1.103278 17.269825

-4.354155 -4.0538325 17.992874

-7.0643916 -12.332982 17.001675

-4.861726 -11.427974 12.40002

-4.1530423 -8.789563 9.273192

-3.5018194 -5.7441387 6.1080575

-3.0277674 -4.9923596 3.3164182

-2.1610663 -4.345925 2.7465982

1.8372505 -3.632453 1.0562918

5.3615155 -4.57098 1.3531729

3.2450411 -6.409727 5.078551

3.2163107 -6.419304 7.6642885

-0.9304466 -5.495142 8.837447

-0.863409 -3.9484875 6.73055

-0.9735423 -1.1520599 8.784775

0.07511808 -0.49604866 3.4600704

-1.0310031 -0.47210664 6.49113

-4.282329 3.262848 5.3610663

1.4254478 3.3538277 1.3627497

-5.26874 0.94047236 5.7537155

0.15652093 1.0937012 3.6947021

-2.5872343 1.7832314 6.5964746

-3.865738 3.1096191 5.9979243

-7.0979104 -4.7673044 9.6227455

-5.9486933 -0.5966051 7.6259813

-7.2415624 -5.686678 7.2620625

-12.829629 -9.5988035 7.611616

-13.84477 -16.733524 9.737667

-10.9860935 -12.850129 7.003489

-8.213608 -10.001029 7.467964

-9.539996 -14.755914 7.1184106

-2.6159647 -12.443115 4.4656353

-0.79158294 -13.281086 5.0737624

-0.78679454 -13.051243 4.178331

-1.3901334 -9.474305 4.24058

-2.773982 -4.8295536 6.2995934

-3.7029321 -5.7680807 7.353042

-4.354155 -3.3786676 8.013842

-3.793912 -1.3340193 7.7983637

-4.0907927 -3.7473745 8.813505

-3.6933553 -2.08101 8.406491

-3.6789901 -1.1472715 7.6068277

-3.9471407 -2.1432595 8.262839

-3.9327755 -1.84159 7.942016

-3.793912 -1.4776714 8.104821

-4.315848 -2.3395839 8.693795

-4.3733087 -2.7035027 8.91885

-4.1530423 -1.3483845 8.272416

-4.162619 -1.3483845 8.061726

-4.3110595 -1.7984943 8.760833

-4.1434655 -1.6835726 8.564508

-4.1434655 -1.5734395 8.923638

