1.6792332 5.187786 9.675418

1.463755 3.85661 10.853365

0.8077438 3.1287727 10.355371

2.306514 4.412065 10.695348

1.7319057 3.095254 11.571626

1.4829087 3.1000423 9.977087

1.2770073 3.3250973 7.4583874

0.032022446 1.5198692 2.5885808

1.664868 1.1942577 -4.6083894

1.3440449 -0.678008 -4.7999253

-1.4380174 -3.6899137 -2.942025

-4.5648446 -4.2453685 -1.9316719

-13.255797 5.2404585 13.463045

-17.110462 3.8230913 20.205116

-14.088979 6.341791 22.59453

-11.029189 4.579659 19.711912

-5.0005894 3.9858968 10.896461

-3.8513727 3.5740943 8.3490305

-3.951929 2.0370166 7.549367

-4.186561 2.14715 6.979547

-5.24001 1.57733 7.3482537

-6.6573772 0.5909189 8.095244

-6.5472436 0.7154174 8.004265

-6.192902 0.40895957 8.29157

-5.067627 0.53824645 7.1902366

-5.0724154 0.5574001 7.4105034

-5.3214126 0.61964935 8.080879

-5.2352214 0.34192193 8.248474

-5.790676 1.4193127 8.483106

-5.594352 0.5909189 8.205379

-6.1976905 -0.007631518 8.358607

