-0.8442554 1.0266637 9.22052

-2.5297735 0.040252518 10.130317

-1.6774375 0.9165303 9.230097

-1.6391304 0.76330143 9.36896

-1.9982606 0.45205522 9.096021

-2.170643 0.7154174 9.297134

-2.194585 0.13602059 9.402479

-2.132336 0.2605191 9.0337715

-2.122759 0.32755673 8.808717

-2.3047185 0.23657705 8.746468

-2.548927 0.36107555 8.823082

-2.3573909 0.28924948 8.727314

-2.5920227 0.1695394 8.578874

-3.3102832 -0.08424597 9.24925

-2.8745384 0.19348143 9.282769

-3.1235354 0.8877999 10.518177

-3.2097266 1.9651906 18.117373

-6.1354413 -0.8120833 21.287296

-5.02932 -1.3627497 20.549883

-4.923975 -4.5135193 20.636074

-5.7332153 -2.7418098 14.645781

-8.548797 -3.455282 11.643452

-7.8401127 -4.69069 5.543026

-0.67666125 -0.88390934 -2.7026048

-2.4292169 -4.8774376 -1.2517185

0.73591775 0.0067336923 0.5966051

2.0000563 1.3139678 1.544709

1.5307927 -0.1225532 4.642806

2.6225486 3.1144075 7.5350018

3.134908 1.7209821 8.732102

2.1772273 -0.87433255 10.278757

3.6759975 -1.1760019 8.578874

4.0686464 -3.9101803 10.561273

4.2793365 -3.4600704 10.408044

2.1341314 -3.5223196 12.304252

1.415871 -3.1153054 11.830199

-1.7061679 -1.6787843 11.083209

-2.0078373 -0.78814125 10.14947

-1.9312229 1.9412487 8.957157

-3.238457 3.7225347 8.803928

-2.8410196 5.9252005 8.574085

-1.3661914 5.9970264 8.641123

-1.4380174 5.245247 8.823082

-1.0070611 5.1111717 8.454375

0.3528455 4.459949 9.455152

0.41509473 3.0617352 9.708937

-0.15472528 2.7026048 9.603592

0.60184246 1.8359038 9.507824

0.6640917 2.2860136 9.206155

1.2387002 1.8789995 8.607604

1.272219 0.7058406 8.071302

1.0615292 0.9069535 6.1894603

1.3057377 0.734571 2.579004

1.4493898 1.0649709 1.1664251

2.0144215 -0.99883103 1.7362452

-2.8075008 2.3434746 4.594922

-4.536114 -1.5399206 7.8079405

-6.714838 -2.2869115 9.048137

-4.4403462 -6.127211 11.538107

-8.955811 0.7249942 15.383195

-7.950246 -1.9948189 19.23307

-7.002142 1.4480431 16.98731

-5.7571573 -1.0945991 14.731972

-5.532102 -2.1336827 13.142222

-4.5025954 -1.2047324 8.689007

-4.2488103 -1.5830163 8.176648

-4.047697 -0.44816464 7.037008

-3.8992567 -0.19916765 7.3243117

-4.267964 -0.37633857 7.7025957

-5.4650645 3.0090625 7.2524858

-6.85849 3.9428012 7.204602

-6.40838 3.1479263 7.999477

-7.8975735 2.8845642 7.9084973

-5.8816557 3.478326 8.363396

-7.4570403 1.6347909 8.478317

-7.251139 -2.7753286 8.157495

-5.4411225 -0.065092355 7.3195233

-4.2248683 -4.5135193 7.812729

-3.6742017 -6.184672 10.273969

-1.7971476 -5.250933 9.435998

-2.41964 -7.08968 10.767174

-1.8210896 -3.527108 9.704148

-1.6630723 -3.2828994 9.345018

-2.7213094 -3.359514 9.560496

-2.8410196 -0.10818799 8.928427

-2.9798832 -0.15128362 9.014618

-3.3773208 -0.41464582 9.45994

-2.9272108 0.5574001 9.364172

-3.4491467 -0.08903438 9.790339

-2.9942484 1.2852374 9.5988035

-3.022979 1.12722 8.952369

-2.9080572 0.7202058 9.005041

-2.8793268 1.2708722 8.866178

-2.740463 0.93089557 9.450363

-2.9750948 -0.09861118 9.632322

-2.8122892 0.17911622 8.904485

-2.6830022 1.1798925 8.961946

-2.6830022 0.6914754 9.187001

-2.467524 1.1990461 9.100809

-2.6877906 1.0745476 9.306711

-2.8122892 0.50472766 9.024195

-2.371756 1.4384663 8.91885

-3.4683003 2.0609589 8.674642

-2.6111763 0.7968203 8.976311

