-1.3183073 6.538116 6.783222

-0.9639655 6.9211884 7.08968

-1.3566146 6.8110547 7.013066

-1.112406 6.609942 6.989124

-1.7109563 6.7152867 6.5438023

-2.7308862 13.572281 6.979547

-5.7715225 12.806136 12.543672

-4.0764275 0.12644377 8.100033

-0.23133974 -3.182343 3.4217632

3.0391397 12.427852 -3.3490393

-11.445781 6.8493624 18.251448

3.6424787 7.5149503 -1.5581764

-19.054554 -1.6069583 20.181175

10.2935705 15.339201 -7.2851067

-0.3127426 2.075324 16.8676

-12.278963 6.8302083 10.824635

-5.910386 1.6730981 20.310461

-15.745767 11.489325 6.380996

12.941558 7.6729674 -8.673744

-2.108394 1.8933647 20.564247

6.5873466 9.1094885 -2.0034978

-4.4786534 5.494244 22.407784

-6.580763 5.3793225 -1.9125183

9.709386 9.018509 -10.301801

-11.785757 11.661708 -3.9332244

7.650372 6.6386724 -2.0274398

1.9713259 -0.22310968 18.49087

-11.723508 9.827749 -4.3833346

0.20440497 2.0130746 13.879636

-9.037213 4.78556 0.2853589

3.6041713 14.065486 1.2382512

0.5395932 8.74557 13.190106

7.0470333 19.998318 -2.8414686

8.148366 10.742334 8.832659

-3.2671876 -12.9506855 7.305158

-4.593575 10.316166 1.0084078

1.0519524 -1.0371382 8.3729725

-5.6278706 3.1239843 5.332336

0.71197575 8.554034 7.233332

-1.0022727 4.9627314 10.537331

0.83168584 6.0927944 8.957157

1.0806828 7.0935707 5.4903536

0.5539584 7.2946835 5.820753

-0.09726445 6.2556 7.3674073

0.07990648 7.0552635 6.1894603

0.4103063 7.4479127 6.529437

-0.102052845 6.882881 6.7640686

0.83168584 7.773524 5.222203

-0.09726445 6.5907884 7.0561614

-0.20739773 6.648249 6.754492

-0.14993688 7.878869 5.8111763

-0.14036007 7.3521447 6.0697503

