-2.0509331 1.1463737 8.971522

-1.4906899 1.280449 8.229321

-1.5385739 2.0561705 7.77921

-1.979107 1.1463737 8.621969

-1.8977041 1.7449241 8.511836

-2.1897967 1.4097359 9.421633

-2.18022 0.50951606 9.287558

-1.9838954 0.8830115 9.910049

-2.6542718 0.734571 9.804705

-2.6399066 1.1176432 9.354595

-2.7691936 0.96920276 9.306711

-2.6877906 1.3379098 9.474305

-3.1522658 0.51430446 9.359384

-3.295918 0.16475101 8.904485

-2.86975 0.4568436 9.335442

-3.5784338 0.4664204 8.961946

-3.5401266 0.37065235 9.503036

-3.6358945 0.7202058 9.273192

-3.7795467 0.4185364 9.043348

-3.4252048 0.28924948 9.115175

-3.43957 0.8590695 8.923638

-3.568857 0.38501757 8.847024

-3.3773208 0.7297826 8.990676

-3.568857 0.40417117 8.760833

-3.4204164 0.5526117 8.449587

-0.9735423 -0.5199907 8.909273

9.273641 13.117382 26.49708

-17.833511 8.83655 48.98821

-17.50311 6.490232 19.850775

-16.487968 -16.6617 -9.506926

-0.49470192 -4.556615 -19.035849

-3.4443583 3.904494 -19.318365

-3.8322191 -3.8718731 -2.9132946

2.2634184 3.2580595 -0.85428107

2.732682 3.751265 6.457611

-0.0350152 2.26686 1.8703204

3.0822353 3.3011553 8.885331

2.5172038 2.9516017 10.637887

2.2155344 1.9556139 10.273969

2.70874 1.4911387 8.114398

2.3400328 4.321085 9.0098295

2.7997196 3.5740943 8.080879

2.3113024 2.7265468 8.990676

1.7414825 3.6124015 9.536554

2.1389198 2.8845642 8.698584

2.2442648 3.3059437 9.143906

2.2873604 4.2301054 8.296358

2.1101894 3.454384 8.377761

1.6935984 2.918083 8.693795

2.4884734 3.0234277 8.665065

1.9473838 2.2046108 9.455152

1.7462709 3.0521584 9.651476

1.4924855 2.171092 9.962722

1.3967174 5.187786 9.364172

1.6313492 2.8079498 8.985888

2.1676505 2.6499324 8.875754

2.5842414 3.6363435 8.521413

1.4446014 1.4863503 9.22052

1.712752 3.1958103 9.445575

1.9234418 4.42643 8.305935

1.4972739 3.4687493 8.727314

1.7558477 3.2245407 8.636334

1.6983868 3.631555 8.823082

1.4781203 4.6850038 8.444798

1.2339118 2.71697 9.158271

1.415871 4.234894 8.933215

2.3352444 4.9531546 8.3250885

1.4254478 4.115184 8.535778

1.7941549 3.6938043 8.866178

1.2099696 4.368969 8.621969

1.842039 4.9675198 9.072079

1.4206594 3.5645175 8.521413

1.2770073 5.0010386 8.938004

