-0.6192004 2.1567268 9.838223

-0.37020344 2.195034 9.445575

-0.49949032 2.396147 10.398467

-0.638354 2.8510454 10.74802

-0.57610476 2.4536078 11.360936

-0.293589 2.6164136 11.236438

0.19961657 2.9132946 9.072079

-0.04938041 2.0034978 7.9899

-0.1690905 1.8885763 5.820753

-0.11162966 1.328333 3.7377977

0.798167 0.27967268 -0.63880295

0.30496144 -0.79292965 -0.8925883

0.12300211 -1.4393641 -1.4719851

-0.28880057 -0.112976395 -0.52866966

-12.341212 1.2181997 15.373618

-12.906243 0.25573066 17.092655

-12.786533 -0.88390934 17.91626

-10.670059 -1.2621932 16.077513

-5.5512557 -0.2757821 11.983428

-5.134665 0.021098902 10.604368

-5.1873374 0.76808983 9.72809

-5.469853 0.63401455 9.402479

-6.1162877 -1.3627497 8.803928

-5.9774237 -1.1903671 8.143129

-6.1354413 -1.2047324 8.01863

-5.9295397 -1.0754455 7.6499233

-5.5512557 -0.85996735 7.18066

-5.4794297 -0.5391443 7.161506

-5.4028153 -0.5391443 7.444022

-5.5751977 -0.78814125 7.7600565

-5.6422358 -0.89348614 8.066514

-5.656601 -1.0515034 7.9563813

-5.800253 -0.5918167 7.9132857

-5.6039286 -0.49604866 7.8175173

-5.3549314 -0.66364276 7.6547117

-5.9055977 -0.6253356 8.157495

-5.3309894 -0.23268647 7.927651

