-2.4531589 0.08334815 9.268404

-1.6726491 1.1751041 9.201366

-1.5242087 0.21742344 8.875754

-2.2233155 -0.37155017 9.287558

-2.3765445 -0.30930093 9.665841

-2.156278 -0.18480244 9.148694

-2.242469 -0.74504566 9.378537

-2.218527 -0.5104139 9.268404

-1.8689737 -0.3907038 8.712949

-2.491466 -0.950947 9.43121

-2.2520459 -0.24705169 9.03856

-2.5106196 -0.34760815 9.254039

-2.333449 -0.5822399 9.445575

-2.5106196 -0.55350953 9.364172

-2.41964 -0.5966051 9.096021

-2.9559412 -0.9222166 9.450363

-2.8505964 -0.17043723 9.6706295

-2.8075008 -0.91742814 10.005817

-2.275988 -0.38112697 11.744008

-2.8027124 -0.10339958 13.635427

-2.7308862 -0.44816464 15.119833

-2.3813329 -0.2757821 16.12061

-3.0564978 -1.448941 12.476634

-2.2328923 -1.5925931 10.74802

-2.9703064 -0.7163152 9.637111

-1.0645219 -1.295712 8.157495

-2.0796635 -0.13691841 8.248474

-1.1507132 -1.1089643 7.9132857

-0.99748427 -0.36197338 6.946028

-0.09247604 0.65316814 5.9404635

-0.341473 -0.5295675 6.5581675

0.6449381 0.9117419 6.754492

1.4015058 2.1567268 6.539014

0.8939351 0.9979332 7.549367

0.9322423 2.621202 8.243686

1.2865841 2.3099558 8.473529

0.72155255 1.7449241 9.34023

0.573112 2.4631846 9.790339

0.74549454 2.2764368 9.498247

0.2427122 1.7449241 10.484658

0.7838018 2.9085062 9.34023

0.822109 2.2141876 9.517401

0.501286 1.969979 9.857377

1.0280104 2.0322282 9.440786

0.54917 1.826327 9.57965

0.9561843 1.6443677 9.799916

0.7790134 1.6300025 9.6945715

0.6880337 1.6874633 9.570073

0.50607437 1.7592894 9.565285

0.86999303 1.8550574 9.335442

0.3863643 1.969979 9.421633

0.822109 1.7975966 9.445575

0.46297875 2.4344542 9.345018

0.7023989 1.7736546 9.34023

0.027234044 2.3147442 9.574862

0.8173206 1.8789995 9.373749

0.41509473 1.8742111 9.637111

-0.02064999 1.9173067 9.6227455

0.3528455 2.0322282 9.613169

0.26665422 1.6922517 9.416844

0.70718735 2.5828948 9.498247

0.12300211 2.3195326 9.55092

0.26186582 2.2572832 9.43121

0.19482817 1.9987096 9.5988035

0.501286 1.2756606 9.732879

-0.015861586 2.26686 9.345018

0.43424833 1.5246576 9.785551

0.036810853 2.0034978 9.526978

0.822109 2.3674166 9.143906

0.18525136 1.826327 9.704148

0.72634095 2.0657473 9.254039

0.29538465 2.1375732 9.507824

0.32411507 1.7353473 9.632322

0.38157588 2.1040545 9.48867

0.37199908 1.9077299 9.388114

0.38157588 2.4105122 9.507824

0.30974984 2.2620716 9.124752

0.5635352 1.5102924 9.440786

0.3672107 1.9412487 9.234885

0.43903673 1.5342344 9.512612

-0.10684125 2.1663036 9.680206

0.84126264 2.0801125 9.292346

0.18046296 1.7736546 9.708937

0.45819035 2.0370166 9.416844

0.1086369 1.9173067 9.57965

0.5779004 2.0274398 9.565285

-0.15472528 2.2141876 9.799916

0.52043957 1.9220951 9.455152

0.046387658 1.7688662 9.723302

0.31932664 2.290802 9.584438

-0.27443537 1.4719851 9.450363

0.44382513 2.0322282 9.48867

0.32411507 2.6595092 9.483882

-0.19782092 1.5725416 9.522189

0.26665422 2.59726 9.354595

0.252289 1.7209821 9.526978

0.3528455 2.2093992 9.421633

0.42467153 2.4583962 9.613169

-0.06374562 1.8119618 9.450363

0.3911527 2.2333412 9.234885

0.31453824 2.0513818 9.359384

-0.044592008 2.372205 9.483882

-0.015861586 2.2764368 9.325865

0.48213238 2.3099558 9.268404

0.23313539 2.0226514 9.277981

0.0032920274 2.348263 9.445575

0.33369187 2.3195326 9.570073

0.20440497 2.5206454 9.455152

0.14215572 1.9029415 9.402479

0.3576339 2.3195326 9.574862

-0.001496376 1.5342344 9.814281

0.26186582 2.4344542 9.345018

0.252289 1.7497126 9.536554

0.12779051 2.0130746 9.627534

0.18525136 1.7736546 9.6945715

0.20440497 2.3051674 9.546131

0.27623102 2.242918 9.464728

0.5635352 1.328333 9.7424555

0.51565117 1.9508255 9.364172

0.6497265 1.3331214 8.995464

0.5539584 0.3179799 7.0944686

0.6784569 3.4448073 -2.2716484

-2.098817 -10.695348 -5.0106153

-3.544915 0.63401455 -3.296367

-1.5433623 -0.08903438 4.0921397

-12.001235 2.0082862 21.172375

-9.290999 0.74893624 20.118925

-7.164948 2.1902456 20.77015

-7.6198463 2.7217584 15.431079

-3.31986 -0.2709937 11.868506

-5.6374474 2.348263 9.852589

-3.937564 0.8877999 9.34023

-4.512172 0.32276833 9.531766

-5.182549 0.4424784 8.545355

-3.9806595 0.025887307 8.133553

-4.095581 0.8303391 8.004265

-3.7412395 -0.36676177 7.903709

-3.2815528 0.03067571 8.554932

-4.0620623 -0.13691841 8.229321

-3.4826655 -0.8072949 8.928427

-3.3868976 1.6204256 9.12954

-3.8705263 0.54782325 8.454375

-3.7747583 0.4664204 9.0577135

-4.196138 0.5717653 8.416068

-3.3533788 -0.31887773 8.578874

-3.856161 0.24615386 8.756044

-3.961506 0.35628715 8.880543

-4.124312 0.76330143 8.607604

-3.592799 -0.29493573 8.808717

-3.8609495 1.0937012 8.885331

-3.913622 0.0163105 8.957157

-3.76997 -0.24226329 8.693795

-4.105158 0.10729016 8.847024

-3.76997 0.25094226 9.105598

-4.095581 0.28446108 8.985888

-3.6598365 0.3131915 8.751256

-3.8226423 0.21742344 8.837447

-3.8370075 0.0067336923 8.808717

-3.9806595 0.3131915 8.712949

-3.927987 0.24615386 8.784775

-3.8753147 0.06419453 8.91885

-3.9806595 -0.18959084 8.813505

-3.726874 -0.42901102 8.961946

-4.081216 0.1503858 9.086444

-3.8848915 0.2605191 8.808717

-3.8226423 -0.25184008 9.36896

-4.1195235 0.5765537 8.545355

-3.5018194 0.07855974 8.612392

-3.6742017 -0.5391443 9.287558

-3.7843351 0.19826983 8.813505

-3.5880105 -0.7211036 9.306711

-4.1913495 -0.05551555 8.851812

-3.6598365 0.49036244 8.550143

-3.9854481 0.054617725 8.856601

-3.568857 -0.0028431145 8.655488

-3.8226423 -0.08424597 8.923638

-3.9327755 0.2940379 8.82787

-3.736451 0.39938277 8.473529

-3.8082771 0.38022915 8.636334

-3.8370075 -0.17522563 9.258827

-3.6502597 0.5861305 8.660276

-3.664625 -0.24226329 9.148694

-3.664625 0.49036244 8.82787

-3.7843351 0.22700025 8.655488

-3.726874 -0.24226329 9.110387

-3.8465843 0.51430446 8.712949

-3.6694133 -0.15607202 9.0098295

-3.951929 -0.18959084 9.028983

-3.7603931 0.6771102 8.641123

-3.8370075 0.1599626 8.823082

-4.2631755 0.47599724 8.693795

-3.520973 1.0697592 8.363396

-3.6502597 0.13123219 8.77041

-3.6502597 1.0122985 9.0337715

-4.1913495 0.7058406 8.94758

-8.596681 3.3969233 9.6706295

-9.276634 6.7727475 7.4105034

-6.1162877 5.053711 5.246145

0.76464814 -4.0203137 4.226215

-5.9534817 -15.033642 16.240318

1.1189901 -13.482199 11.6290865

-3.6454713 4.498256 6.7975874

-2.275988 3.7081695 8.3490305

-3.094805 1.280449 9.752032

-4.746804 -0.5104139 9.172636

-2.965518 -0.7163152 9.900473

-3.0660746 -0.08424597 9.723302

-3.2815528 0.734571 8.971522

-4.2248683 -0.05551555 9.6227455

-4.6079407 -0.16564883 9.732879

-3.31986 0.8830115 8.847024

-3.664625 0.2605191 8.995464

-3.6311061 0.43769 8.904485

-3.3485904 0.4568436 8.837447

-2.917634 2.4823382 8.382549

-2.9703064 0.96920276 8.875754

-3.3964744 0.19826983 8.91885

-2.4292169 1.2948142 8.851812

-3.166631 -0.42901102 9.024195

-2.2089503 0.6771102 8.583662

-2.5058312 0.3084031 8.952369

-3.0517094 -0.1273416 9.105598

-2.4244285 -0.1273416 9.282769

-2.8410196 -0.64448917 9.799916

-2.6590602 -0.22310968 9.723302

-2.644695 0.07855974 9.421633

-2.6590602 -0.25184008 9.771186

-2.6638486 -0.16086042 8.736891

-2.6590602 -0.09861118 9.36896

