-0.1690905 0.4281132 9.708937

-0.839467 0.40417117 9.7185135

-0.58089316 0.22700025 9.196578

-1.1890204 0.04504092 9.570073

-1.0884639 -0.17522563 9.651476

-0.8825626 -0.036361936 9.526978

-1.0597335 0.16475101 9.483882

-0.76764095 0.33713353 9.22052

-0.863409 0.51430446 9.349807

-1.2129624 0.6771102 9.028983

0.48213238 0.49993923 8.837447

3.719093 -0.24705169 8.535778

6.4436946 -5.6818895 11.145458

11.600805 -42.126427 14.243555

-13.69633 -42.073757 22.642414

-31.959301 -55.064693 13.161376

-44.73476 -26.31512 12.744784

-46.544777 -7.3003697 8.382549

-35.636795 1.1990461 4.8774376

-26.184486 2.8989294 4.2788873

-18.369812 3.119196 2.420987

-10.124181 4.919636 3.1631894

-9.329307 5.518186 7.108834

-7.4714055 5.187786 6.965182

-4.684555 8.429535 7.017854

-2.0413563 7.9171762 10.254815

-6.446687 -1.3531729 11.849353

0.9035119 2.4871266 9.277981

0.8029554 3.3250973 10.613945

0.71197575 2.1519384 8.626758

-0.068534024 1.4671967 10.427197

0.9226655 1.6587329 10.460716

1.5116391 1.0889128 8.789563

0.5587468 1.9412487 9.292346

0.60663086 2.300379 10.264392

0.23313539 0.76330143 9.900473

1.6935984 1.7497126 8.521413

0.9561843 2.123208 9.158271

0.27623102 2.8079498 9.210943

0.4007295 2.9563901 9.148694

-0.317531 2.3626282 9.0098295

-1.6487072 2.195034 9.771186

0.29059622 2.0561705 8.214955

0.71197575 2.8654106 8.17186

0.14694414 1.5390228 8.272416

-0.21697453 0.8303391 9.790339

1.2339118 -2.7753286 9.900473

