-1.1219828 1.4815619 9.182213

-0.8298902 1.6730981 9.134329

-1.2752117 1.5677532 9.464728

-1.8354548 2.396147 8.966734

-2.572869 2.8558338 8.923638

-3.640683 6.815843 8.914062

-6.868067 6.427983 8.10961

-5.8912325 7.7591586 7.8654013

-5.4171805 5.724087 7.879767

-2.965518 0.22700025 10.044125

-6.121076 -6.8358946 12.969839

-2.6255414 -7.874978 11.566837

-1.5098435 -6.6060514 10.676194

-0.82031333 -3.929334 9.81907

-0.6287772 0.686687 9.014618

-0.1643021 1.5581764 9.100809

-0.12120646 0.73935944 9.364172

-0.68144965 1.2900258 9.603592

-1.2560581 1.9556139 9.723302

-0.9591771 1.2421417 9.574862

-1.184232 1.3570634 10.05849

-0.81552494 1.2517185 9.584438

-0.41329905 0.8399159 9.5988035

-0.116418056 1.6539445 9.656264

-0.99748427 1.2996026 9.435998

-0.638354 0.7776666 9.455152

-0.9783307 0.67232174 9.263616

-0.90650463 1.2469301 9.349807

-1.4236522 0.6818986 10.130317

