-1.2033856 -0.31408933 9.665841

-1.2033856 0.8830115 9.0098295

-0.89692783 0.94047236 8.138341

-0.98790747 1.2229881 8.114398

-1.5481507 0.6962638 7.18066

-2.242469 0.28924948 8.626758

-2.6255414 0.1599626 9.115175

-2.7835588 1.0218753 8.612392

-3.8274307 1.5964836 6.931663

-5.800253 2.5350106 8.94758

-8.338107 3.3729813 9.464728

-6.9734116 5.2739773 10.427197

-10.243892 1.5150808 17.743877

-9.458593 0.1695394 19.051111

-9.1473465 -2.4545057 21.957672

-8.314165 -6.5581675 21.837963

-4.5169606 -3.5318964 16.470163

-4.023755 -3.3355718 13.5396595

-2.8170776 -3.9484875 10.915614

-1.4811131 -2.579004 8.842236

-0.13557167 -0.42901102 5.504719

1.616984 -0.56308633 5.3036056

0.8747814 1.2038345 3.7186441

1.6026188 -0.24226329 2.7849054

2.1772273 1.3426982 1.8703204

3.326444 2.0274398 1.4776714

2.6752212 0.5669769 2.353949

2.0383635 2.6164136 1.3005004

1.3201029 4.8813286 0.65885437

2.0239983 2.8749874 1.9277812

-0.116418056 4.579659 3.3068414

0.43903673 5.1111717 2.6987143

-2.29993 7.122301 4.882226

0.83647424 2.0944777 5.8973675

-4.057274 5.0393457 8.186225

-0.614412 4.5509286 8.339454

-6.3174005 8.659379 7.9132857

-1.1650784 3.4352305 9.416844

-6.1019225 6.499809 11.006594

-5.8816557 6.5093856 8.334665

-6.963835 4.354604 10.326641

-7.083545 2.2620716 10.451139

-6.2455745 0.9883564 12.304252

-9.7842045 -0.036361936 13.276298

-4.732439 -1.6261119 13.396008

-3.592799 -2.2150855 12.720842

-0.863409 -1.1281179 11.375301

-0.7101801 -1.2765584 11.973851

-0.42766428 -0.6109703 9.814281

-1.1650784 -1.5734395 10.925191

-1.6726491 -1.2382512 10.111163

-1.3278841 0.8016087 8.674642

-2.9990368 -1.2382512 10.312276

-3.3485904 -0.2614169 9.560496

-3.0804398 0.32755673 8.79914

-2.821866 -0.8025065 8.904485

-2.4962544 0.36107555 8.454375

-2.773982 -0.5199907 9.426421

-2.8649616 -0.6061819 9.378537

-2.3286605 -0.012419921 9.0577135

-4.22008 -0.49604866 8.071302

-3.046921 -0.6349124 8.914062

