-0.07332243 1.0601825 8.904485

-0.80115974 1.0218753 9.36896

-0.9591771 0.17911622 9.795128

-0.22176293 1.601272 8.281993

-0.76764095 0.9979332 8.894908

-0.3462614 1.2086229 9.277981

0.38157588 0.92610717 9.680206

3.494038 -11.121516 12.155811

2.3400328 -17.954567 12.754361

-1.7109563 -13.18053 10.015394

-5.38845 -6.5102835 8.3250885

-12.202349 5.2021513 13.185318

-7.710826 9.324966 9.560496

-4.210503 8.4965725 8.076091

-3.9662943 6.269965 7.218967

-1.6056116 2.6116252 9.143906

-1.0357915 1.2900258 7.903709

-0.06374562 1.2229881 8.032995

-1.6056116 1.3570634 9.981875

-1.7923592 0.14080898 9.546131

-1.184232 0.4185364 9.522189

-1.1698668 -0.4433762 10.135105

-0.9639655 0.66274494 9.512612

-1.777994 0.39459437 9.263616

-0.99269587 -0.37633857 9.656264

-0.614412 0.1503858 9.421633

-1.7013795 -0.25184008 10.029759

-0.48991352 0.7154174 9.378537

-1.112406 0.14080898 9.464728

-1.0405799 -0.13691841 10.09201

-0.59047 0.3131915 9.526978

-1.0214263 0.38980597 9.799916

-0.80115974 0.14080898 9.632322

-0.7149685 -0.14170681 9.795128

-0.887351 0.33713353 9.22052

-0.7580641 0.025887307 9.857377

-0.81552494 0.049829323 9.359384

-0.67666125 1.826327 9.823858

-1.1315596 0.5717653 9.651476

-0.39893386 0.4712088 9.383326

