-0.42287588 0.24615386 9.373749

0.9035119 0.088136554 11.092786

-1.0884639 -1.4249989 9.426421

-0.22655134 -1.2526164 8.82787

-1.2704233 -0.18959084 8.981099

-55.92047 31.255854 13.83654

-62.969 39.075317 -5.637896

-78.59356 26.165781 -22.435616

-78.59356 -27.51222 -6.7344403

-52.712242 -69.40118 16.130186

-13.859136 -45.789555 11.054478

-1.8067244 -23.566576 12.9746275

5.2657475 -13.348124 1.4824598

4.758177 -3.6276646 7.467964

3.4748845 2.3195326 8.789563

3.719093 6.2843304 8.013842

2.37834 7.3712983 7.8989205

2.9290066 5.163844 8.296358

1.4733319 5.599589 9.12954

2.6081834 5.4607253 7.132776

1.8180969 3.8518217 9.450363

1.3392565 5.35538 8.095244

-1.0884639 2.195034 10.575638

1.5786767 3.368193 9.143906

0.9801263 3.3011553 8.82787

1.2578537 3.4495957 9.641899

-0.38935706 3.6124015 9.014618

3.470096 3.8135145 8.631546

1.4254478 4.0146275 8.689007

2.4501662 3.8374565 9.0337715

1.616984 4.4407954 8.286781

2.1389198 4.795137 7.9851117

0.72155255 4.469526 8.67943

1.0615292 4.5269866 8.58845

0.7885902 4.450372 8.329877

1.095048 4.3402386 8.894908

0.8125322 4.469526 9.12954

1.5403695 4.450372 8.784775

0.42945993 8.218845 7.0226426

0.9992799 4.7041574 8.085668

0.3528455 2.8654106 9.69936

