-1.4619594 0.54303485 9.680206

-1.4619594 1.2517185 9.603592

-1.3326725 0.25094226 9.498247

-1.2321161 0.5861305 9.708937

-1.7348984 0.53345805 9.407268

-1.6726491 0.53345805 9.239674

-1.8115128 2.1615152 9.684995

-1.8115128 2.1615152 10.053701

-1.9599533 1.8837879 9.809493

-1.8210896 1.4671967 9.857377

-1.2369045 -0.18001404 9.134329

-1.2369045 -0.18001404 9.823858

2.0623055 -9.895684 9.268404

2.2921488 -15.24912 8.914062

0.822109 -10.743232 8.837447

-3.046921 -9.014618 8.516624

-3.6742017 -5.322759 8.521413

-3.6742017 -5.322759 11.346571

-7.725191 -0.5678747 9.890896

-7.2319856 2.870199 10.221296

-5.9247513 2.942025 7.9946885

-3.7077205 3.0234277 8.3250885

-2.3621793 2.123208 9.12954

-2.132336 0.8111855 9.134329

-2.132336 0.8111855 9.210943

-1.9551649 -0.8120833 9.871742

-1.4619594 -0.32845455 9.325865

-1.9934722 -0.99883103 10.173412

-1.4763247 -0.8264485 9.780763

-1.4140754 -0.8408137 9.72809

-1.576881 -0.88390934 9.651476

-1.4236522 -0.36197338 9.680206

-1.4236522 -0.36197338 9.933991

-1.658284 -0.036361936 9.536554

-1.5720927 -0.4098574 9.708937

-1.5720927 -0.4098574 9.48867

-1.4763247 -0.45774144 9.632322

-1.457171 -0.36676177 9.330653

-1.0070611 -0.4385878 9.028983

-1.4859015 -0.6923732 9.388114

-1.3230957 -0.5966051 9.756821

-1.5912462 -0.15128362 9.45994

-1.4475942 -0.48168346 9.881319

