-5.8050413 1.8119618 7.7935753

-5.081992 1.6683097 7.9899

-5.254375 1.3714286 7.7361145

-4.90961 1.8215386 8.353819

-5.848137 2.2524948 7.444022

-4.4451346 1.7305589 8.938004

-5.292682 2.6355672 7.013066

-4.9527054 2.6116252 6.649147

-4.3014827 1.5485996 5.4089503

-3.0564978 3.7464767 6.112846

-1.4763247 1.00751 5.1120696

-3.5353382 0.37065235 6.6204166

-4.0285435 2.2285528 4.7816696

-5.6039286 1.6683097 6.6539354

-5.5033717 2.099266 5.6244287

-7.797017 0.52388126 5.844695

-7.284658 0.13123219 5.480777

-6.2934585 1.826327 4.178331

-8.046014 -0.6827964 7.051373

-10.713155 0.13602059 5.892579

-12.346001 -1.0898107 5.605275

-12.757803 0.10729016 4.5757685

-11.230303 -0.91742814 6.2660747

-10.990882 -0.9365818 5.404162

-9.55915 -0.24705169 4.762516

-9.410709 -1.4297873 4.384232

-8.510489 -0.5199907 4.7577276

-8.998906 -1.0658686 3.7856817

-8.481759 -0.55350953 4.2214265

-8.548797 -1.1520599 5.083339

-8.213608 -0.70195 4.0155253

-8.994118 -1.769764 4.1831193

-8.400356 -0.678008 3.991583

-8.730756 -0.88390934 4.4656353

-8.941445 -1.8128597 3.7665281

-8.840889 -1.4776714 4.0634093

-8.409933 -1.0754455 3.8192005

-8.496124 -1.0850223 4.0634093

-8.213608 -1.3627497 4.5661917

-8.903138 -1.7506104 4.250157

-9.104251 -1.6213235 4.4129624

-9.55915 -2.1576247 4.508731

-8.864831 -1.5973815 4.441693

-8.721179 -1.4345757 3.8670847

-8.32853 -0.6157588 3.752163

-8.89835 -1.4824598 4.144812

