10.298359 -1.2765584 -0.92610717

9.651925 -0.5152023 -0.38022915

9.90571 -1.1472715 -1.3810055

9.963171 -1.3340193 -1.4001591

9.594464 -0.8264485 -0.040252518

9.66629 1.0697592 0.55829793

8.866627 -0.6349124 0.5152023

7.9759836 -2.8232126 0.6971616

8.009502 0.19826983 -0.20305823

7.3917985 -4.973206 -0.49036244

8.9719715 -3.3212066 -2.1423616

9.192238 -3.7808933 -3.013851

10.351031 -3.2014966 -3.1718683

12.2280855 -3.4840124 -4.345027

13.564051 -2.1432595 -5.743241

14.636653 -0.10339958 -6.490232

15.029302 -1.697938 -4.957943

14.320619 0.21263504 -4.737676

13.190555 1.9987096 -4.9052706

13.128305 1.6970401 -5.0632877

12.477083 0.7058406 -4.531775

11.433211 1.8359038 -4.469526

10.437223 0.7968203 -4.1487026

9.532215 2.075324 -3.7560534

9.015067 1.3905823 -2.9468133

7.4732013 2.2477064 -2.0370166

7.2864537 -0.7067384 -1.2421417

6.5155206 1.0266637 -1.8071734

6.256947 1.0937012 -1.5246576

5.1747675 -0.19437926 -0.05940613

4.877887 0.66274494 0.45295304

4.705504 -2.660407 1.3244425

3.4605193 -0.18959084 0.09382278

4.4182 -4.3171945 2.387468

3.4222121 -1.4393641 1.1807903

5.5530515 -5.7920227 2.124106

3.9154177 -6.907721 1.8511668

5.792472 -9.048137 2.6651955

4.360739 -5.557391 1.1185411

7.741352 -7.2524858 1.199944

5.366304 -9.091232 0.7163152

7.4732013 -10.431986 -1.1559505

5.653608 -8.703372 -1.6347909

6.434118 -6.5964746 -2.6403556

7.4540477 -11.279533 -3.013851

8.10527 -7.740903 -4.359392

7.693468 -8.344242 -5.431995

9.867403 -6.87899 -6.317849

10.197803 -6.754492 -6.528539

11.682208 -3.7090673 -8.271518

11.093234 -4.2693105 -8.587553

11.619959 -2.9668648 -8.683321

11.327866 -0.41464582 -7.8980227

9.0437975 -1.2574048 -5.1446905

8.641572 0.8063971 -4.445584

8.268076 -0.9701006 -3.8853405

7.703045 -2.1624131 -3.61719

7.9759836 -1.8607436 -4.019416

8.215404 -2.1097405 -3.5501523

8.550592 -2.397045 -3.2820017

8.70861 -2.1528363 -4.297143

8.837896 -2.3156419 -3.97632

9.034221 -2.17199 -4.139126

8.938453 -2.3252187 -3.5166333

8.847473 -2.4066217 -3.559729

8.9480295 -1.9565117 -3.6938043

9.187449 -2.6556187 -3.8135145

9.575311 -1.9900305 -4.0864534

8.967183 -1.3052888 -3.6219783

9.795577 -1.697938 -3.382558

9.268852 -1.5686511 -2.467973

8.943241 -1.7984943 -2.3291094

9.225757 -2.3252187 -2.4344542

9.225757 -3.2014966 -2.1519384

9.422082 -1.0802339 -2.6882396

9.331101 -1.5590742 -2.420089

9.709386 -1.8607436 -2.290802

9.675867 -0.99404263 -2.3817818

9.690232 -1.8751088 -2.324321

9.671079 -2.0857985 -2.0657473

9.87698 -0.98925424 -2.693028

8.890569 -2.1097405 -2.0082862

9.235333 -2.057068 -2.2046108

9.350255 -0.75462246 -2.7217584

9.129989 -2.1528363 -1.7975966

9.431659 -0.89348614 -2.4105122

9.446024 -1.0610802 -2.171092

9.469966 -2.1624131 -2.2860136

10.068516 -0.9557354 -3.1862335

9.819519 -2.2294507 -2.1136312

10.068516 -0.6971616 -3.1575031

9.623195 -2.1193175 -2.1854572

9.48912 -1.9948189 -1.9747674

9.192238 -1.7314568 -1.6778865

9.565734 -1.544709 -1.8742111

9.781212 -0.7211036 -2.6020484

9.412505 -1.4297873 -1.8789995

9.604041 -0.64927757 -2.420089

9.484331 -1.4297873 -1.8933647

9.469966 -1.8080711 -2.3051674

9.738116 -1.3052888 -2.7840075

9.551369 -1.9660885 -2.2955904

9.374197 -0.65885437 -2.8845642

9.66629 -1.3005004 -2.2333412

9.225757 -1.664419 -1.4959271

9.431659 -1.8368016 -2.123208

