-2.7691936 0.2653075 9.560496

-2.4627357 1.160739 9.397691

-2.156278 1.1415854 8.904485

-2.6303298 0.74414784 9.273192

-2.0222025 0.85428107 8.832659

-1.7732056 0.95004916 8.147918

-1.9312229 1.2038345 7.7935753

-3.1379006 1.802385 9.574862

-1.6151884 3.770419 13.185318

-2.1179707 4.402488 18.193987

-5.7140617 2.099266 21.416584

-2.5297735 -1.6931496 16.494104

-3.3533788 -5.030667 13.750349

-5.3836617 -2.9237692 10.973075

-4.186561 -1.4824598 6.467188

-2.4100633 -4.6092873 2.933346

-0.56652796 -0.036361936 1.4058453

0.72634095 0.8303391 1.6404771

1.8133085 -1.2143092 4.0921397

4.1165304 -3.029114 8.473529

3.5084033 -4.7816696 11.471069

2.4262242 -6.931663 12.021735

1.2003928 -4.556615 11.250803

-0.09247604 1.3426982 9.570073

-2.1850083 1.9987096 10.326641

-1.0118495 5.187786 9.234885

-0.9160814 6.2364464 8.660276

-1.0501567 6.2556 7.965958

0.07990648 5.259612 6.222979

0.22834699 2.3626282 4.858284

0.5348048 2.0274398 3.4265516

0.84605104 1.9939212 2.5406969

-0.025438393 1.4145243 3.5318964

0.017657237 -0.43379942 4.9684176

-2.6063879 0.782455 9.172636

-2.5345619 -0.6061819 12.821399

-5.862502 1.00751 15.201236

-5.1155114 1.304391 14.123845

-5.5368905 2.0226514 14.281862

-8.065167 2.0609589 12.127081

-7.102699 3.095254 9.72809

-6.643012 1.778443 9.143906

-8.103475 1.9316719 8.334665

-6.1019225 2.0609589 8.382549

-6.848913 -0.13213001 9.55092

-4.4403462 -2.0857985 10.657041

-4.3350015 -3.383456 11.614721

-3.6550481 -5.4712 11.207707

-2.204162 -4.8295536 10.355371

-1.6630723 -2.5885808 9.359384

-1.7396868 -1.8703204 8.856601

-2.443582 -1.5542858 9.325865

-1.9216461 -0.87912095 9.258827

-2.275988 -0.32845455 9.048137

-1.7684172 0.27967268 8.904485

-2.3047185 0.7249942 9.273192

-1.979107 0.8590695 9.263616

-2.4627357 1.0266637 9.321076

-2.6782138 0.6004957 9.325865

-2.1993735 1.5821184 8.741679

-2.6877906 2.8558338 3.455282

-2.7356746 1.1176432 9.345018

