-1.1459248 7.500585 5.969194

-1.433229 7.706486 5.8159647

-1.361403 7.668179 5.8877907

-1.7157447 7.8932343 5.6100636

-1.73011 7.864504 5.5382376

-2.1036055 8.759935 4.096928

-6.073192 11.494114 2.6939259

-6.1498065 10.435876 1.6931496

-5.192126 10.857256 0.47210664

-3.7220857 9.032874 1.3531729

-3.9854481 6.3896756 6.328324

-3.0804398 5.8868933 8.598027

-5.14903 4.0673 13.147011

-3.9327755 4.0864534 12.2659445

-0.6287772 5.6762033 8.765621

-1.6726491 6.064064 8.82787

-1.4763247 6.6147304 7.290793

-0.81552494 8.075193 5.4759884

-1.208174 7.912388 5.38022

-1.2608465 7.989002 5.284452

-0.90171623 8.32419 5.0163016

-1.5098435 8.123077 5.1120696

-1.1267712 7.9459066 4.796035

-1.2608465 7.888446 4.8104

-1.0549451 7.8980227 4.906168

-1.4380174 7.749582 5.284452

-0.8538322 8.731205 4.5997105

-1.7827824 7.701698 4.9875712

-1.4044986 8.151808 4.906168

-1.5481507 8.391228 5.0881276

-1.385345 7.8597155 5.308394

-1.6965911 8.352921 5.2796636

-1.3374609 8.161385 5.164742

-1.8498201 8.094347 5.4137387

-1.8641853 8.103924 5.150377

-2.0126257 7.716063 4.6092873

-2.1897967 7.5293155 5.71062

